-1 0.35322690848236 0.340869873514062 0.151152104139328 -10.5 0.237579778964914
-0.984375 0.354964191333474 0.342001227946552 -0.008013516664505 -10.5 0.242917945649806
-0.96875 0.354054051702848 0.340569490130536 -0.1767672970891 -11 0.248253960603985
-0.953125 0.350348732138954 0.336432550879963 -0.354099076241255 -11.75 0.253546644859202
-0.9375 0.343718174547503 0.329465191080814 -0.538857784122229 -12.5 0.25875272807536
-0.921875 0.334052257607076 0.319561246298341 -0.729756485670805 -12.5 0.263827129460237
-0.90625 0.321262932136354 0.306635678014417 -0.925379306077957 -12.5 0.268723271818954
-0.890625 0.30528622473635 0.29062652289621 -1.12419009581208 -12.5 0.273393427050948
-0.875 0.286084080246648 0.271496691616343 -1.32454303279519 -12.25 0.27778909096583
-0.859375 0.263646014164902 0.249235589241355 -1.52469484880567 -12.75 0.281861384847863
-0.84375 0.237990547193032 0.223860530089975 -1.72281889244914 -13 0.285561480767987
-0.828125 0.209166395495506 0.195417921240756 -1.91702068783343 -12.375 0.288841047228359
-0.8125 0.177253392082972 0.163984190539651 -2.10535500757396 -12.125 0.291652711333456
-0.796875 0.142363116960405 0.129666437016188 -2.28584433719516 -11.5 0.293950533320081
-0.78125 0.104639216288928 0.0926027840501512 -2.45649843569845 -10.625 0.29569048895192
-0.765625 0.0642573937844888 0.052962418421336 -2.61533492617309 -9.71875 0.296830954998493
-0.75 0.0214250608884753 0.0109453014993404 -2.76040064753033 -8.6875 0.297333192778808
-0.734375 -0.0236193641368832 -0.0332184577409404 -2.88979354733601 -7.8125 0.297161824561668
-0.71875 -0.0706075141495816 -0.0792695744944261 -3.00168488454074 -6.625 0.296285297481985
-0.703125 -0.119242489955512 -0.126920907380727 -3.09434145502746 -5.625 0.294676329559516
-0.6875 -0.169200633584408 -0.175859123756664 -3.16614761762321 -4.125 0.292312332396263
-0.671875 -0.220133651161934 -0.225746705418245 -3.21562679111958 -2.5 0.289175805184096
-0.65625 -0.271671074042464 -0.276224284696046 -3.24146220088005 -1 0.285254694776403
-0.640625 -0.323423042372845 -0.326913296594381 -3.2425165399909 0.5 0.280542716767817
-0.625 -0.374983390813111 -0.377418928303706 -3.21785032749176 2.5 0.275039632784074
-0.609375 -0.425933011807813 -0.427333343187284 -3.166738640517 4.25 0.268751479509026
-0.59375 -0.475843467643852 -0.476239152267671 -3.08868601545691 6.25 0.261690745365655
-0.578125 -0.524280818609466 -0.523713102376409 -2.98343924432993 7.5 0.253876491219942
-0.5625 -0.57080963094479 -0.569329946540359 -2.85099787265062 9.5 0.245334411986666
-0.546875 -0.614997125005378 -0.612666458917533 -2.69162218272686 12 0.236096836580089
-0.53125 -0.656417421200816 -0.653305553717904 -2.50583846867085 13.5 0.226202664264346
-0.515625 -0.694655838871657 -0.690840465100655 -2.29444155097008 15 0.215697236111859
-0.5 -0.729313201374526 -0.724878943073939 -2.05849432200193 16.5 0.204632140966138
-0.484375 -0.76001009929669 -0.755047418976146 -1.79932425916195 17 0.193064956020006
-0.46875 -0.786391062950272 -0.780995093222404 -1.51851700246334 19.5 0.181058922853404
-0.453125 -0.808128595127678 -0.802397897682822 -1.21790669858456 20 0.16868256051745
-0.4375 -0.824927015551008 -0.818962285338852 -0.899563565850258 22 0.156009217994328
-0.421875 -0.836526069527975 -0.830428800751767 -0.565778285264969 22.5 0.143116569096331
-0.40625 -0.842704255035354 -0.836575386375164 -0.21904381364584 23 0.130086053582528
-0.390625 -0.843281824779201 -0.837220381845404 0.13796566426754 23.5 0.11700226895849
-0.375 -0.838123422711465 -0.832225176075137 0.502418130636215 24 0.103952318074029
-0.359375 -0.827140317988128 -0.821496475231997 0.871349453926086 22 0.0910251182369364
-0.34375 -0.810292203399447 -0.804988153475172 1.2416910007596 23 0.0783106781085807
-0.328125 -0.787588529844314 -0.782702657606609 1.61029911786318 24 0.0658993491319942
-0.3125 -0.759089353406638 -0.754691941523134 1.97398582845926 21.5 0.0538810586573715
-0.296875 -0.724905676963117 -0.721057911475694 2.32955055683851 22 0.0423445322671299
-0.28125 -0.685199273943482 -0.681952368590465 2.67381274700165 22 0.0313765130572968
-0.265625 -0.640181987805346 -0.637576440816632 3.00364463031292 20 0.0210609857993172
-0.25 -0.590114506900605 -0.588179502364955 3.31600388884544 19.5 0.0114784139829099
-0.234375 -0.535304620619718 -0.534057584714126 3.60796601325274 19 0.00270499772397776
-0.21875 -0.476104968922543 -0.475551289309737 3.87675572186708 16.75 -0.00518803958938488
-0.203125 -0.412910303516765 -0.413043218083362 4.11977714672685 15 -0.012135128244946
-0.1875 -0.346154284944304 -0.346954943796296 4.33464249596 14 -0.0180769853787338
-0.171875 -0.276305845600584 -0.277743547884144 4.51919873431325 10.75 -0.0229611973905096
-0.15625 -0.203865154161675 -0.205897758866921 4.67155192419887 8.875 -0.0267427450960055
-0.140625 -0.129359221954187 -0.131933729420107 4.79008910618722 6.375 -0.0293844656660645
-0.125 -0.0533371964011797 -0.0563904948047529 4.87349717691541 4.5 -0.0308574460346281
-0.109375 0.0236346092510423 0.0201748405356404 4.9207787537016 1.53125 -0.0311413431574606
-0.09375 0.10097789723406 0.0971921378457019 4.93126462120563 -0.375 -0.0302246272634276
-0.078125 0.178107722044956 0.174083427075386 4.9046227876097 -3 -0.0281047450510093
-0.0625 0.254437925006856 0.250268222413913 4.8408638201654 -4.5 -0.024788200634785
-0.046875 0.329386607427796 0.325168893082083 4.74034257233143 -8 -0.0202905529294654
-0.03125 0.402381582456476 0.39821603120163 4.60375607013702 -10 -0.0146363290618615
-0.015625 0.472865745753701 0.468853758358115 4.43213776871562 -12.5 -0.00785885431278825
0 0.54030230586814 0.536544912997795 4.2268481105566 -15.5 0
0.015625 0.604179816716544 0.600776062043926 3.98956142365932 -15.5 0.00889014839148169
0.03125 0.664016956803202 0.661062282069157 3.72224959731102 -17.5 0.0187536996550173
0.046875 0.719367002742835 0.716951657993087 3.42716229707003 -19.5 0.0295254378729271
0.0625 0.769821948236841 0.768029450553148 3.1068043410778 -21.5 0.0411333711927635
0.078125 0.815016223847469 0.813921887679415 2.76391024887562 -22.5 0.0534993428378703
0.09375 0.854629977662006 0.854299539337556 2.40141645818949 -25 0.0665396981536918
0.109375 0.888391882175859 0.888880240329644 2.02243127673864 -24 0.0801660008973656
0.125 0.916081438379049 0.917431530893432 1.6302032917738 -26 0.0942857914645745
0.140625 0.9375307540291 0.939772590645107 1.22808814793825 -26 0.108803379320552
0.15625 0.952625779354034 0.955775647391659 0.819514624774456 -27 0.123620661566437
0.171875 0.961306989868213 0.965366848516674 0.407949849963188 -26.5 0.138637959331586
0.1875 0.963569512515131 0.968526588935077 -0.00313542783260345 -26.5 0.153754863539382
0.203125 0.959462697888119 0.965289295934443 -0.410301558673382 -24.5 0.168871081549654
0.21875 0.949089147735891 0.955742677489544 -0.810173824429512 -24.5 0.183887276234921
0.234375 0.932603213250335 0.940026446770683 -1.19947566092014 -24 0.198705889198685
0.25 0.910208985677219 0.918330541485656 -1.575060069561 -23.5 0.213231940089398
0.265625 0.882157806508982 0.890892862323997 -1.93393958359957 -22.5 0.227373794299323
0.28125 0.848745329840212 0.857996560039668 -2.2733141258359 -20 0.241043891758422
0.296875 0.81030817432465 0.819966905549318 -2.59059643745422 -18.5 0.254159430033283
0.3125 0.767220206508685 0.777167781779294 -2.88343501091003 -17 0.266642995512983
0.328125 0.719888501079301 0.729997839814783 -3.14973410218954 -17 0.27842313709954
0.34375 0.668749026711872 0.678886365146019 -3.38767084479332 -15.5 0.289434877511612
0.359375 0.614262108701753 0.624288902435398 -3.59570901095867 -12 0.299620158047036
0.375 0.556907721389475 0.566682689220461 -3.77260960638523 -9.5 0.308928213422762
0.390625 0.497180664528294 0.506561950305489 -3.91743814945221 -9 0.317315874109864
0.40625 0.435585678190569 0.444433105272467 -4.02956858277321 -6 0.324747794396034
0.421875 0.372632550571157 0.380809941563536 -4.10868369787931 -4.25 0.331196605228265
0.4375 0.308831272136531 0.316208804963907 -4.15477248653769 -2.5 0.336642991703923
0.453125 0.244687288011407 0.251143858067529 -4.16812418028712 0.75 0.341075695879316
0.46875 0.18069689832272 0.186122455466922 -4.14931922405958 2.375 0.344491446341576
0.484375 0.117342853474208 0.121640682010485 -4.09921748004854 4.125 0.346894816733227
0.5 0.0550901880510869 0.0581790975593478 -4.01894366275519 6.125 0.3482980161208
0.515625 -0.00561766669261444 -0.00380127169822871 -3.90987034607679 7.96875 0.348720614751721
0.53125 -0.0643624559722639 -0.0638626590982361 -3.77359880786389 9.5625 0.348189209340549
0.546875 -0.120754328955274 -0.121593968369952 -3.61193792708218 11.375 0.346737032560569
0.5625 -0.174434694100419 -0.176613841786806 -3.42688144184649 12.5 0.344403511885008
0.578125 -0.2250786808723 -0.228573362493604 -3.22058394551277 13.875 0.341233783319493
0.59375 -0.272397191497562 -0.27715837268589 -2.99533576518297 15.25 0.337278165891236
0.609375 -0.31613853164823 -0.322091394181937 -2.75353721156716 15.5 0.33259160300879
0.625 -0.35608961415641 -0.363133142809471 -2.49767243862152 16.75 0.327233076978361
0.640625 -0.392076735014902 -0.40008363286266 -2.23028314486146 17.75 0.321265003058844
0.65625 -0.423965925934198 -0.432782872607988 -1.95394253358245 17.75 0.314752609459126
0.671875 -0.451662892545421 -0.461111156371407 -1.67122980952263 18 0.307763309630127
0.6875 -0.47511255190344 -0.484988963069302 -1.38470535725355 18.5 0.300366073083407
0.703125 -0.494298187201835 -0.504376475102631 -1.09688697010279 18.5 0.292630800782016
0.71875 -0.50924024151493 -0.519272735273298 -0.81022734940052 19 0.284627710902061
0.734375 -0.519994775891142 -0.529714462766424 -0.527092970907688 18 0.276426740460684
0.75 -0.526651620202716 -0.535774552240372 -0.249744728207588 18.5 0.26809696795333
0.765625 -0.529332247782682 -0.537560282653366 0.0196798667311668 16.5 0.259706061746792
0.78125 -0.528187407031008 -0.53521126461356 0.279182337224483 17.5 0.25131975854102
0.796875 -0.523394544836084 -0.528897156757404 0.526917152106762 14.5 0.243001375748858
0.8125 -0.515155057829621 -0.518815182935036 0.761203274130821 13 0.234811361155754
0.828125 -0.503691408174626 -0.505187482813649 0.98053390532732 13 0.226806882717797
0.84375 -0.489244140785918 -0.488258328909058 1.18358394131064 11.75 0.21904146084329
0.859375 -0.472068838615577 -0.46829124303684 1.36921529844403 11.25 0.21156464498683
0.875 -0.452433051922723 -0.445566044757518 1.53648032993078 9.75 0.204421735872187
0.890625 -0.430613236314381 -0.42037586360055 1.68462306633592 8.75 0.197653554156955
0.90625 -0.406891732823087 -0.393024145718646 1.81307870149612 6.75 0.191296255863755
0.921875 -0.381553821412659 -0.363821684180486 1.9214710816741 6.75 0.185381194434747
0.9375 -0.354884877115109 -0.333083700392117 2.00960870832205 5.5 0.179934828822913
0.953125 -0.327167655540637 -0.301127002183755 2.07747896388173 4 0.174978676619003
0.96875 -0.298679731812937 -0.268267241949182 2.12524106353521 2.25 0.170529310830617
0.984375 -0.26969111410863 -0.234816295920186 2.15321763418615 1.625 0.16659839858229
