0 1
1 0.54030230586814
2 -0.416146836547142
3 -0.989992496600445
4 -0.653643620863612
5 0.283662185463226
6 0.960170286650366
7 0.753902254343305
8 -0.145500033808614
9 -0.911130261884677


0 1 0
0.015625 0.99281722352919 0.0155688845588218
0.03125 0.985634447058379 0.0310255382352872
0.046875 0.978451670587569 0.0463699610293961
0.0625 0.971268894116759 0.0616021529411487
0.078125 0.964086117645948 0.0767221139705449
0.09375 0.956903341175138 0.0917298441175846
0.109375 0.949720564704328 0.106625343382268
0.125 0.942537788233518 0.121408611764595
0.140625 0.935355011762707 0.136079649264565
0.15625 0.928172235291897 0.150638455882179
0.171875 0.920989458821087 0.165085031617437
0.1875 0.913806682350276 0.179419376470338
0.203125 0.906623905879466 0.193641490440883
0.21875 0.899441129408656 0.207751373529072
0.234375 0.892258352937845 0.221749025734904
0.25 0.885075576467035 0.235634447058379
0.265625 0.877892799996225 0.249407637499499
0.28125 0.870710023525414 0.263068597058261
0.296875 0.863527247054604 0.276617325734668
0.3125 0.856344470583794 0.290053823528718
0.328125 0.849161694112983 0.303378090440411
0.34375 0.841978917642173 0.316590126469748
0.359375 0.834796141171363 0.329689931616729
0.375 0.827613364700552 0.342677505881354
0.390625 0.820430588229742 0.355552849263622
0.40625 0.813247811758932 0.368315961763533
0.421875 0.806065035288121 0.380966843381088
0.4375 0.798882258817311 0.393505494116287
0.453125 0.791699482346501 0.405931913969129
0.46875 0.784516705875691 0.418246102939615
0.484375 0.77733392940488 0.430448061027744
0.5 0.77015115293407 0.442537788233517
0.515625 0.76296837646326 0.454515284556934
0.53125 0.755785599992449 0.466380549997994
0.546875 0.748602823521639 0.478133584556698
0.5625 0.741420047050829 0.489774388233046
0.578125 0.734237270580018 0.501302961027037
0.59375 0.727054494109208 0.512719302938671
0.609375 0.719871717638398 0.524023413967949
0.625 0.712688941167587 0.535215294114871
0.640625 0.705506164696777 0.546294943379436
0.65625 0.698323388225967 0.557262361761645
0.671875 0.691140611755156 0.568117549261498
0.6875 0.683957835284346 0.578860505878994
0.703125 0.676775058813536 0.589491231614134
0.71875 0.669592282342725 0.600009726466917
0.734375 0.662409505871915 0.610415990437344
0.75 0.655226729401105 0.620710023525414
0.765625 0.648043952930294 0.630891825731128
0.78125 0.640861176459484 0.640961397054486
0.796875 0.633678399988674 0.650918737495487
0.8125 0.626495623517864 0.660763847054132
0.828125 0.619312847047053 0.670496725730421
0.84375 0.612130070576243 0.680117373524352
0.859375 0.604947294105433 0.689625790435928
0.875 0.597764517634622 0.699021976465147
0.890625 0.590581741163812 0.70830593161201
0.90625 0.583398964693002 0.717477655876516
0.921875 0.576216188222191 0.726537149258666
0.9375 0.569033411751381 0.73548441175846
0.953125 0.561850635280571 0.744319443375897
0.96875 0.55466785880976 0.753042244110978
0.984375 0.54748508233895 0.761652813963702
1 0.54030230586814 0.77015115293407
1.015625 0.525357788017901 0.778476622417555
1.03125 0.510413270167662 0.786568583809629
1.046875 0.495468752317423 0.794427037110294
1.0625 0.480524234467185 0.802051982319549
1.078125 0.465579716616946 0.809443419437394
1.09375 0.450635198766707 0.816601348463828
1.109375 0.435690680916468 0.823525769398853
1.125 0.420746163066229 0.830216682242468
1.140625 0.405801645215991 0.836674086994673
1.15625 0.390857127365752 0.842897983655468
1.171875 0.375912609515513 0.848888372224853
1.1875 0.360968091665274 0.854645252702827
1.203125 0.346023573815036 0.860168625089392
1.21875 0.331079055964797 0.865458489384547
1.234375 0.316134538114558 0.870514845588292
1.25 0.301190020264319 0.875337693700627
1.265625 0.28624550241408 0.879927033721552
1.28125 0.271300984563842 0.884282865651067
1.296875 0.256356466713603 0.888405189489172
1.3125 0.241411948863364 0.892294005235867
1.328125 0.226467431013125 0.895949312891152
1.34375 0.211522913162887 0.899371112455028
1.359375 0.196578395312648 0.902559403927493
1.375 0.181633877462409 0.905514187308548
1.390625 0.16668935961217 0.908235462598193
1.40625 0.151744841761931 0.910723229796428
1.421875 0.136800323911693 0.912977488903253
1.4375 0.121855806061454 0.914998239918668
1.453125 0.106911288211215 0.916785482842674
1.46875 0.0919667703609763 0.918339217675269
1.484375 0.0770222525107375 0.919659444416454
1.5 0.0620777346604987 0.920746163066229
1.515625 0.0471332168102599 0.921599373624595
1.53125 0.0321886989600212 0.92221907609155
1.546875 0.0172441811097823 0.922605270467096
1.5625 0.00229966325954356 0.922757956751231
1.578125 -0.0126448545906952 0.922677134943956
1.59375 -0.027589372440934 0.922362805045272
1.609375 -0.0425338902911728 0.921814967055177
1.625 -0.0574784081414116 0.921033620973672
1.640625 -0.0724229259916503 0.920018766800758
1.65625 -0.0873674438418891 0.918770404536433
1.671875 -0.102311961692128 0.917288534180699
1.6875 -0.117256479542367 0.915573155733554
1.703125 -0.132200997392605 0.913624269195
1.71875 -0.147145515242844 0.911441874565035
1.734375 -0.162090033093083 0.909025971843661
1.75 -0.177034550943322 0.906376561030877
1.765625 -0.191979068793561 0.903493642126682
1.78125 -0.206923586643799 0.900377215131078
1.796875 -0.221868104494038 0.897027280044064
1.8125 -0.236812622344277 0.893443836865639
1.828125 -0.251757140194516 0.889626885595805
1.84375 -0.266701658044755 0.88557642623456
1.859375 -0.281646175894993 0.881292458781906
1.875 -0.296590693745232 0.876774983237842
1.890625 -0.311535211595471 0.872023999602368
1.90625 -0.32647972944571 0.867039507875484
1.921875 -0.341424247295948 0.861821508057189
1.9375 -0.356368765146187 0.856370000147485
1.953125 -0.371313282996426 0.850684984146371
1.96875 -0.386257800846665 0.844766460053847
1.984375 -0.401202318696904 0.838614427869913
2 -0.416146836547142 0.832228887594569
2.015625 -0.425113174985475 0.82565654375447
2.03125 -0.434079513423808 0.818944100876272
2.046875 -0.443045851862141 0.812091558959976
2.0625 -0.452012190300474 0.805098918005581
2.078125 -0.460978528738807 0.797966178013086
2.09375 -0.46994486717714 0.790693338982493
2.109375 -0.478911205615472 0.783280400913801
2.125 -0.487877544053805 0.775727363807009
2.140625 -0.496843882492138 0.768034227662119
2.15625 -0.505810220930471 0.76020099247913
2.171875 -0.514776559368804 0.752227658258042
2.1875 -0.523742897807137 0.744114224998855
2.203125 -0.53270923624547 0.735860692701569
2.21875 -0.541675574683802 0.727467061366184
2.234375 -0.550641913122135 0.7189333309927
2.25 -0.559608251560468 0.710259501581117
2.265625 -0.568574589998801 0.701445573131436
2.28125 -0.577540928437134 0.692491545643655
2.296875 -0.586507266875467 0.683397419117775
2.3125 -0.5954736053138 0.674163193553796
2.328125 -0.604439943752133 0.664788868951719
2.34375 -0.613406282190465 0.655274445311542
2.359375 -0.622372620628798 0.645619922633267
2.375 -0.631338959067131 0.635825300916892
2.390625 -0.640305297505464 0.625890580162419
2.40625 -0.649271635943797 0.615815760369847
2.421875 -0.65823797438213 0.605600841539175
2.4375 -0.667204312820463 0.595245823670405
2.453125 -0.676170651258795 0.584750706763536
2.46875 -0.685136989697128 0.574115490818568
2.484375 -0.694103328135461 0.563340175835501
2.5 -0.703069666573794 0.552424761814335
2.515625 -0.712036005012127 0.54136924875507
2.53125 -0.72100234345046 0.530173636657706
2.546875 -0.729968681888792 0.518837925522243
2.5625 -0.738935020327125 0.507362115348681
2.578125 -0.747901358765458 0.49574620613702
2.59375 -0.756867697203791 0.48399019788726
2.609375 -0.765834035642124 0.472094090599401
2.625 -0.774800374080457 0.460057884273444
2.640625 -0.78376671251879 0.447881578909387
2.65625 -0.792733050957123 0.435565174507232
2.671875 -0.801699389395455 0.423108671066977
2.6875 -0.810665727833788 0.410512068588624
2.703125 -0.819632066272121 0.397775367072171
2.71875 -0.828598404710454 0.38489856651762
2.734375 -0.837564743148787 0.37188166692497
2.75 -0.84653108158712 0.35872466829422
2.765625 -0.855497420025453 0.345427570625372
2.78125 -0.864463758463785 0.331990373918425
2.796875 -0.873430096902118 0.318413078173379
2.8125 -0.882396435340451 0.304695683390234
2.828125 -0.891362773778784 0.29083818956899
2.84375 -0.900329112217117 0.276840596709647
2.859375 -0.90929545065545 0.262702904812205
2.875 -0.918261789093783 0.248425113876664
2.890625 -0.927228127532115 0.234007223903024
2.90625 -0.936194465970448 0.219449234891285
2.921875 -0.945160804408781 0.204751146841447
2.9375 -0.954127142847114 0.189912959753511
2.953125 -0.963093481285447 0.174934673627475
2.96875 -0.97205981972378 0.159816288463341
2.984375 -0.981026158162113 0.144557804261107
3 -0.989992496600445 0.129159221020775
3.015625 -0.984737045417057 0.113731646473763
3.03125 -0.979481594233669 0.0983861883514917
3.046875 -0.974226143050281 0.0831228466539608
3.0625 -0.968970691866893 0.0679416213811704
3.078125 -0.963715240683505 0.0528425125331204
3.09375 -0.958459789500117 0.0378255201098108
3.109375 -0.953204338316729 0.0228906441112417
3.125 -0.947948887133341 0.00803788453741304
3.140625 -0.942693435949953 -0.00673275861167519
3.15625 -0.937437984766565 -0.021421285336023
3.171875 -0.932182533583177 -0.0360276956356304
3.1875 -0.926927082399789 -0.0505519895104973
3.203125 -0.921671631216401 -0.0649941669606238
3.21875 -0.916416180033013 -0.0793542279860098
3.234375 -0.911160728849625 -0.0936321725866554
3.25 -0.905905277666237 -0.107828000762561
3.265625 -0.900649826482849 -0.121941712513725
3.28125 -0.895394375299461 -0.13597330784015
3.296875 -0.890138924116073 -0.149922786741834
3.3125 -0.884883472932685 -0.163790149218777
3.328125 -0.879628021749297 -0.17757539527098
3.34375 -0.874372570565909 -0.191278524898442
3.359375 -0.869117119382521 -0.204899538101165
3.375 -0.863861668199133 -0.218438434879146
3.390625 -0.858606217015745 -0.231895215232387
3.40625 -0.853350765832357 -0.245269879160888
3.421875 -0.848095314648969 -0.258562426664649
3.4375 -0.842839863465581 -0.271772857743669
3.453125 -0.837584412282193 -0.284901172397948
3.46875 -0.832328961098805 -0.297947370627487
3.484375 -0.827073509915417 -0.310911452432286
3.5 -0.821818058732029 -0.323793417812344
3.515625 -0.816562607548641 -0.336593266767661
3.53125 -0.811307156365253 -0.349310999298239
3.546875 -0.806051705181865 -0.361946615404076
3.5625 -0.800796253998477 -0.374500115085172
3.578125 -0.795540802815089 -0.386971498341528
3.59375 -0.790285351631701 -0.399360765173144
3.609375 -0.785029900448313 -0.411667915580019
3.625 -0.779774449264925 -0.423892949562153
3.640625 -0.774518998081536 -0.436035867119548
3.65625 -0.769263546898148 -0.448096668252201
3.671875 -0.76400809571476 -0.460075352960115
3.6875 -0.758752644531372 -0.471971921243288
3.703125 -0.753497193347984 -0.48378637310172
3.71875 -0.748241742164596 -0.495518708535412
3.734375 -0.742986290981208 -0.507168927544364
3.75 -0.73773083979782 -0.518737030128575
3.765625 -0.732475388614432 -0.530223016288046
3.78125 -0.727219937431044 -0.541626886022776
3.796875 -0.721964486247656 -0.552948639332766
3.8125 -0.716709035064268 -0.564188276218015
3.828125 -0.71145358388088 -0.575345796678524
3.84375 -0.706198132697492 -0.586421200714293
3.859375 -0.700942681514104 -0.597414488325321
3.875 -0.695687230330716 -0.608325659511609
3.890625 -0.690431779147328 -0.619154714273156
3.90625 -0.68517632796394 -0.629901652609962
3.921875 -0.679920876780552 -0.640566474522029
3.9375 -0.674665425597164 -0.651149180009355
3.953125 -0.669409974413776 -0.66164976907194
3.96875 -0.664154523230388 -0.672068241709785
3.984375 -0.658899072047 -0.68240459792289
4 -0.653643620863612 -0.692658837711254
4.015625 -0.638998217639755 -0.702757602074562
4.03125 -0.624352814415898 -0.712627532012496
4.046875 -0.609707411192041 -0.722268627525058
4.0625 -0.595062007968185 -0.731680888612248
4.078125 -0.580416604744328 -0.740864315274064
4.09375 -0.565771201520471 -0.749818907510508
4.109375 -0.551125798296614 -0.758544665321579
4.125 -0.536480395072757 -0.767041588707277
4.140625 -0.5218349918489 -0.775309677667603
4.15625 -0.507189588625043 -0.783348932202555
4.171875 -0.492544185401187 -0.791159352312135
4.1875 -0.47789878217733 -0.798740937996342
4.203125 -0.463253378953473 -0.806093689255177
4.21875 -0.448607975729616 -0.813217606088638
4.234375 -0.433962572505759 -0.820112688496727
4.25 -0.419317169281902 -0.826778936479443
4.265625 -0.404671766058046 -0.833216350036787
4.28125 -0.390026362834189 -0.839424929168757
4.296875 -0.375380959610332 -0.845404673875355
4.3125 -0.360735556386475 -0.85115558415658
4.328125 -0.346090153162618 -0.856677660012432
4.34375 -0.331444749938761 -0.861970901442912
4.359375 -0.316799346714904 -0.867035308448019
4.375 -0.302153943491048 -0.871870881027753
4.390625 -0.287508540267191 -0.876477619182114
4.40625 -0.272863137043334 -0.880855522911102
4.421875 -0.258217733819477 -0.885004592214718
4.4375 -0.24357233059562 -0.888924827092961
4.453125 -0.228926927371763 -0.892616227545831
4.46875 -0.214281524147907 -0.896078793573329
4.484375 -0.19963612092405 -0.899312525175453
4.5 -0.184990717700193 -0.902317422352205
4.515625 -0.170345314476336 -0.905093485103584
4.53125 -0.155699911252479 -0.907640713429591
4.546875 -0.141054508028622 -0.909959107330224
4.5625 -0.126409104804765 -0.912048666805485
4.578125 -0.111763701580909 -0.913909391855373
4.59375 -0.0971182983570518 -0.915541282479889
4.609375 -0.0824728951331949 -0.916944338679031
4.625 -0.067827491909338 -0.918118560452801
4.640625 -0.0531820886854812 -0.919063947801198
4.65625 -0.0385366854616244 -0.919780500724222
4.671875 -0.0238912822377675 -0.920268219221874
4.6875 -0.00924587901391061 -0.920527103294152
4.703125 0.00539952420994616 -0.920557152941058
4.71875 0.020044927433803 -0.920358368162592
4.734375 0.0346903306576599 -0.919930748958752
4.75 0.0493357338815167 -0.91927429532954
4.765625 0.0639811371053736 -0.918389007274955
4.78125 0.0786265403292304 -0.917274884794997
4.796875 0.0932719435530873 -0.915931927889666
4.8125 0.107917346776944 -0.914360136558963
4.828125 0.122562750000801 -0.912559510802887
4.84375 0.137208153224658 -0.910530050621438
4.859375 0.151853556448515 -0.908271756014616
4.875 0.166498959672371 -0.905784626982422
4.890625 0.181144362896228 -0.903068663524855
4.90625 0.195789766120085 -0.900123865641915
4.921875 0.210435169343942 -0.896950233333602
4.9375 0.225080572567799 -0.893547766599916
4.953125 0.239725975791656 -0.889916465440858
4.96875 0.254371379015513 -0.886056329856427
4.984375 0.269016782239369 -0.881967359846623
5 0.283662185463226 -0.877649555411447
5.015625 0.294232624544275 -0.873134752208263
5.03125 0.304803063625324 -0.868454785894438
5.046875 0.315373502706373 -0.863609656469972
5.0625 0.325943941787422 -0.858599363934864
5.078125 0.336514380868472 -0.853423908289115
5.09375 0.347084819949521 -0.848083289532724
5.109375 0.35765525903057 -0.842577507665692
5.125 0.368225698111619 -0.836906562688019
5.140625 0.378796137192668 -0.831070454599704
5.15625 0.389366576273717 -0.825069183400748
5.171875 0.399937015354766 -0.818902749091151
5.1875 0.410507454435815 -0.812571151670912
5.203125 0.421077893516864 -0.806074391140031
5.21875 0.431648332597913 -0.79941246749851
5.234375 0.442218771678962 -0.792585380746347
5.25 0.452789210760011 -0.785593130883542
5.265625 0.46335964984106 -0.778435717910096
5.28125 0.473930088922109 -0.771113141826009
5.296875 0.484500528003158 -0.76362540263128
5.3125 0.495070967084207 -0.75597250032591
5.328125 0.505641406165256 -0.748154434909899
5.34375 0.516211845246305 -0.740171206383246
5.359375 0.526782284327355 -0.732022814745952
5.375 0.537352723408404 -0.723709259998016
5.390625 0.547923162489453 -0.715230542139439
5.40625 0.558493601570502 -0.706586661170221
5.421875 0.569064040651551 -0.697777617090361
5.4375 0.5796344797326 -0.68880340989986
5.453125 0.590204918813649 -0.679664039598717
5.46875 0.600775357894698 -0.670359506186933
5.484375 0.611345796975747 -0.660889809664508
5.5 0.621916236056796 -0.651254950031441
5.515625 0.632486675137845 -0.641454927287733
5.53125 0.643057114218894 -0.631489741433384
5.546875 0.653627553299943 -0.621359392468393
5.5625 0.664197992380992 -0.61106388039276
5.578125 0.674768431462041 -0.600603205206487
5.59375 0.685338870543091 -0.589977366909572
5.609375 0.69590930962414 -0.579186365502015
5.625 0.706479748705189 -0.568230200983817
5.640625 0.717050187786238 -0.557108873354978
5.65625 0.727620626867287 -0.545822382615497
5.671875 0.738191065948336 -0.534370728765375
5.6875 0.748761505029385 -0.522753911804612
5.703125 0.759331944110434 -0.510971931733207
5.71875 0.769902383191483 -0.499024788551161
5.734375 0.780472822272532 -0.486912482258473
5.75 0.791043261353581 -0.474635012855144
5.765625 0.80161370043463 -0.462192380341174
5.78125 0.812184139515679 -0.449584584716562
5.796875 0.822754578596728 -0.436811625981309
5.8125 0.833325017677777 -0.423873504135414
5.828125 0.843895456758826 -0.410770219178878
5.84375 0.854465895839875 -0.397501771111701
5.859375 0.865036334920924 -0.384068159933882
5.875 0.875606774001974 -0.370469385645422
5.890625 0.886177213083023 -0.35670544824632
5.90625 0.896747652164072 -0.342776347736578
5.921875 0.907318091245121 -0.328682084116193
5.9375 0.91788853032617 -0.314422657385168
5.953125 0.928458969407219 -0.2999980675435
5.96875 0.939029408488268 -0.285408314591192
5.984375 0.949599847569317 -0.270653398528242
6 0.960170286650366 -0.255733319354651
6.015625 0.956947348645568 -0.240755837828901
6.03125 0.95372441064077 -0.225828714709477
6.046875 0.950501472635973 -0.210951949996377
6.0625 0.947278534631175 -0.196125543689603
6.078125 0.944055596626377 -0.181349495789153
6.09375 0.940832658621579 -0.166623806295028
6.109375 0.937609720616781 -0.151948475207229
6.125 0.934386782611983 -0.137323502525754
6.140625 0.931163844607185 -0.122748888250604
6.15625 0.927940906602388 -0.108224632381779
6.171875 0.92471796859759 -0.0937507349192796
6.1875 0.921495030592792 -0.0793271958631048
6.203125 0.918272092587994 -0.0649540152132549
6.21875 0.915049154583196 -0.05063119296973
6.234375 0.911826216578398 -0.03635872913253
6.25 0.908603278573601 -0.022136623701655
6.265625 0.905380340568803 -0.00796487667710499
6.28125 0.902157402564005 0.0061565119411201
6.296875 0.898934464559207 0.0202275421530201
6.3125 0.895711526554409 0.0342482139585953
6.328125 0.892488588549611 0.0482185273578455
6.34375 0.889265650544814 0.0621384823507706
6.359375 0.886042712540016 0.0760080789373709
6.375 0.882819774535218 0.0898273171176462
6.390625 0.87959683653042 0.103596196891596
6.40625 0.876373898525622 0.117314718259222
6.421875 0.873150960520824 0.130982881220522
6.4375 0.869928022516027 0.144600685775498
6.453125 0.866705084511229 0.158168131924148
6.46875 0.863482146506431 0.171685219666473
6.484375 0.860259208501633 0.185151949002474
6.5 0.857036270496835 0.19856831993215
6.515625 0.853813332492037 0.2119343324555
6.53125 0.85059039448724 0.225249986572526
6.546875 0.847367456482442 0.238515282283226
6.5625 0.844144518477644 0.251730219587602
6.578125 0.840921580472846 0.264894798485653
6.59375 0.837698642468048 0.278009018977378
6.609375 0.83447570446325 0.291072881062779
6.625 0.831252766458453 0.304086384741855
6.640625 0.828029828453655 0.317049530014606
6.65625 0.824806890448857 0.329962316881032
6.671875 0.821583952444059 0.342824745341133
6.6875 0.818361014439261 0.355636815394909
6.703125 0.815138076434463 0.36839852704236
6.71875 0.811915138429666 0.381109880283485
6.734375 0.808692200424868 0.393770875118287
6.75 0.80546926242007 0.406381511546763
6.765625 0.802246324415272 0.418941789568914
6.78125 0.799023386410474 0.43145170918474
6.796875 0.795800448405676 0.443911270394241
6.8125 0.792577510400879 0.456320473197417
6.828125 0.789354572396081 0.468679317594269
6.84375 0.786131634391283 0.480987803584795
6.859375 0.782908696386485 0.493245931168996
6.875 0.779685758381687 0.505453700346872
6.890625 0.776462820376889 0.517611111118424
6.90625 0.773239882372092 0.52971816348365
6.921875 0.770016944367294 0.541774857442552
6.9375 0.766794006362496 0.553781192995128
6.953125 0.763571068357698 0.56573717014138
6.96875 0.7603481303529 0.577642788881306
6.984375 0.757125192348102 0.589498049214908
7 0.753902254343305 0.601302951142184
7.015625 0.739849093590931 0.612972883547921
7.03125 0.725795932838557 0.624423235316901
7.046875 0.711742772086183 0.635654006449126
7.0625 0.69768961133381 0.646665196944594
7.078125 0.683636450581436 0.657456806803307
7.09375 0.669583289829062 0.668028836025264
7.109375 0.655530129076689 0.678381284610465
7.125 0.641476968324315 0.688514152558911
7.140625 0.627423807571941 0.6984274398706
7.15625 0.613370646819567 0.708121146545534
7.171875 0.599317486067194 0.717595272583712
7.1875 0.58526432531482 0.726849817985134
7.203125 0.571211164562446 0.7358847827498
7.21875 0.557158003810073 0.74470016687771
7.234375 0.543104843057699 0.753295970368865
7.25 0.529051682305325 0.761672193223263
7.265625 0.514998521552951 0.769828835440906
7.28125 0.500945360800578 0.777765897021793
7.296875 0.486892200048204 0.785483377965924
7.3125 0.47283903929583 0.792981278273299
7.328125 0.458785878543456 0.800259597943919
7.34375 0.444732717791083 0.807318336977782
7.359375 0.430679557038709 0.81415749537489
7.375 0.416626396286335 0.820777073135242
7.390625 0.402573235533962 0.827177070258838
7.40625 0.388520074781588 0.833357486745678
7.421875 0.374466914029214 0.839318322595763
7.4375 0.36041375327684 0.845059577809091
7.453125 0.346360592524467 0.850581252385664
7.46875 0.332307431772093 0.855883346325481
7.484375 0.318254271019719 0.860965859628542
7.5 0.304201110267346 0.865828792294847
7.515625 0.290147949514972 0.870472144324396
7.53125 0.276094788762598 0.87489591571719
7.546875 0.262041628010224 0.879100106473228
7.5625 0.247988467257851 0.883084716592509
7.578125 0.233935306505477 0.886849746075035
7.59375 0.219882145753103 0.890395194920806
7.609375 0.205828985000729 0.89372106312982
7.625 0.191775824248356 0.896827350702078
7.640625 0.177722663495982 0.899714057637581
7.65625 0.163669502743608 0.902381183936328
7.671875 0.149616341991235 0.904828729598319
7.6875 0.135563181238861 0.907056694623554
7.703125 0.121510020486487 0.909065079012033
7.71875 0.107456859734113 0.910853882763757
7.734375 0.0934036989817397 0.912423105878724
7.75 0.079350538229366 0.913772748356936
7.765625 0.0652973774769923 0.914902810198392
7.78125 0.0512442167246185 0.915813291403092
7.796875 0.0371910559722448 0.916504191971036
7.8125 0.0231378952198711 0.916975511902225
7.828125 0.00908473446749736 0.917227251196657
7.84375 -0.00496842628487637 0.917259409854334
7.859375 -0.0190215870372501 0.917071987875255
7.875 -0.0330747477896237 0.91666498525942
7.890625 -0.0471279085419974 0.916038402006829
7.90625 -0.0611810692943712 0.915192238117482
7.921875 -0.0752342300467449 0.91412649359138
7.9375 -0.0892873907991186 0.912841168428522
7.953125 -0.103340551551492 0.911336262628907
7.96875 -0.117393712303866 0.909611776192538
7.984375 -0.13144687305624 0.907667709119412
8 -0.145500033808614 0.90550406140953
8.015625 -0.157463006122302 0.90313716266007
8.03125 -0.169425978435991 0.900583342468208
8.046875 -0.181388950749679 0.897842600833945
8.0625 -0.193351923063368 0.894914937757281
8.078125 -0.205314895377056 0.891800353238215
8.09375 -0.217277867690744 0.888498847276748
8.109375 -0.229240840004433 0.885010419872879
8.125 -0.241203812318121 0.881335071026609
8.140625 -0.25316678463181 0.877472800737938
8.15625 -0.265129756945498 0.873423609006865
8.171875 -0.277092729259187 0.869187495833391
8.1875 -0.289055701572875 0.864764461217515
8.203125 -0.301018673886564 0.860154505159239
8.21875 -0.312981646200252 0.85535762765856
8.234375 -0.324944618513941 0.850373828715481
8.25 -0.336907590827629 0.84520310833
8.265625 -0.348870563141318 0.839845466502117
8.28125 -0.360833535455006 0.834300903231833
8.296875 -0.372796507768695 0.828569418519148
8.3125 -0.384759480082383 0.822651012364062
8.328125 -0.396722452396072 0.816545684766574
8.34375 -0.40868542470976 0.810253435726685
8.359375 -0.420648397023449 0.803774265244394
8.375 -0.432611369337137 0.797108173319702
8.390625 -0.444574341650826 0.790255159952608
8.40625 -0.456537313964514 0.783215225143113
8.421875 -0.468500286278203 0.775988368891217
8.4375 -0.480463258591891 0.76857459119692
8.453125 -0.49242623090558 0.760973892060221
8.46875 -0.504389203219268 0.75318627148112
8.484375 -0.516352175532957 0.745211729459618
8.5 -0.528315147846645 0.737050265995715
8.515625 -0.540278120160334 0.728701881089411
8.53125 -0.552241092474022 0.720166574740705
8.546875 -0.564204064787711 0.711444346949598
8.5625 -0.576167037101399 0.702535197716089
8.578125 -0.588130009415088 0.693439127040179
8.59375 -0.600092981728776 0.684156134921867
8.609375 -0.612055954042465 0.674686221361155
8.625 -0.624018926356153 0.66502938635804
8.640625 -0.635981898669842 0.655185629912525
8.65625 -0.64794487098353 0.645154952024608
8.671875 -0.659907843297219 0.634937352694289
8.6875 -0.671870815610907 0.62453283192157
8.703125 -0.683833787924596 0.613941389706449
8.71875 -0.695796760238284 0.603163026048926
8.734375 -0.707759732551973 0.592197740949002
8.75 -0.719722704865661 0.581045534406677
8.765625 -0.73168567717935 0.56970640642195
8.78125 -0.743648649493038 0.558180356994822
8.796875 -0.755611621806727 0.546467386125293
8.8125 -0.767574594120415 0.534567493813362
8.828125 -0.779537566434104 0.52248068005903
8.84375 -0.791500538747792 0.510206944862296
8.859375 -0.803463511061481 0.497746288223161
8.875 -0.815426483375169 0.485098710141625
8.890625 -0.827389455688857 0.472264210617687
8.90625 -0.839352428002546 0.459242789651348
8.921875 -0.851315400316235 0.446034447242608
8.9375 -0.863278372629923 0.432639183391466
8.953125 -0.875241344943611 0.419056998097923
8.96875 -0.8872043172573 0.405287891361978
8.984375 -0.899167289570988 0.391331863183632
9 -0.911130261884677 0.377188913562885
