0 0
1 0.841470984807897
2 0.909297426825682
3 0.141120008059867
4 -0.756802495307928
5 -0.958924274663138
6 -0.279415498198926
7 0.656986598718789
8 0.989358246623382
9 0.412118485241757


0 0 0
0.015625 0.0131479841376234 0.000102718626075183
0.03125 0.0262959682752468 0.000410874504300731
0.046875 0.0394439524128701 0.000924467634676644
0.0625 0.0525919365504935 0.00164349801720292
0.078125 0.0657399206881169 0.00256796565187957
0.09375 0.0788879048257403 0.00369787053870658
0.109375 0.0920358889633637 0.00503321267768395
0.125 0.105183873100987 0.00657399206881169
0.140625 0.11833185723861 0.0083202087120898
0.15625 0.131479841376234 0.0102718626075183
0.171875 0.144627825513857 0.0124289537550971
0.1875 0.157775809651481 0.0147914821548263
0.203125 0.170923793789104 0.0173594478067059
0.21875 0.184071777926727 0.0201328507107358
0.234375 0.197219762064351 0.0231116908669161
0.25 0.210367746201974 0.0262959682752468
0.265625 0.223515730339598 0.0296856829357278
0.28125 0.236663714477221 0.0332808348483592
0.296875 0.249811698614844 0.0370814240131409
0.3125 0.262959682752468 0.0410874504300731
0.328125 0.276107666890091 0.0452989140991556
0.34375 0.289255651027714 0.0497158150203884
0.359375 0.302403635165338 0.0543381531937716
0.375 0.315551619302961 0.0591659286193052
0.390625 0.328699603440585 0.0641991412969892
0.40625 0.341847587578208 0.0694377912268235
0.421875 0.354995571715831 0.0748818784088082
0.4375 0.368143555853455 0.0805314028429432
0.453125 0.381291539991078 0.0863863645292286
0.46875 0.394439524128701 0.0924467634676644
0.484375 0.407587508266325 0.0987125996582505
0.5 0.420735492403948 0.105183873100987
0.515625 0.433883476541572 0.111860583795874
0.53125 0.447031460679195 0.118742731742911
0.546875 0.460179444816818 0.125830316942099
0.5625 0.473327428954442 0.133123339393437
0.578125 0.486475413092065 0.140621799096925
0.59375 0.499623397229689 0.148325696052564
0.609375 0.512771381367312 0.156235030260353
0.625 0.525919365504935 0.164349801720292
0.640625 0.539067349642559 0.172670010432382
0.65625 0.552215333780182 0.181195656396622
0.671875 0.565363317917805 0.189926739613013
0.6875 0.578511302055429 0.198863260081554
0.703125 0.591659286193052 0.208005217802245
0.71875 0.604807270330676 0.217352612775087
0.734375 0.617955254468299 0.226905445000079
0.75 0.631103238605922 0.236663714477221
0.765625 0.644251222743546 0.246627421206514
0.78125 0.657399206881169 0.256796565187957
0.796875 0.670547191018793 0.26717114642155
0.8125 0.683695175156416 0.277751164907294
0.828125 0.696843159294039 0.288536620645188
0.84375 0.709991143431663 0.299527513635233
0.859375 0.723139127569286 0.310723843877428
0.875 0.736287111706909 0.322125611371773
0.890625 0.749435095844533 0.333732816118269
0.90625 0.762583079982156 0.345545458116915
0.921875 0.77573106411978 0.357563537367711
0.9375 0.788879048257403 0.369787053870658
0.953125 0.802027032395026 0.382216007625755
0.96875 0.81517501653265 0.394850398633002
0.984375 0.828323000670273 0.4076902268924
1 0.841470984807897 0.420735492403948
1.015625 0.854430090883315 0.433985211427739
1.03125 0.867011440834325 0.447434465264237
1.046875 0.879215034660925 0.461077351473998
1.0625 0.891040872363116 0.474907967617576
1.078125 0.902488953940898 0.48892041125553
1.09375 0.913559279394271 0.503108779948415
1.109375 0.924251848723234 0.517467171256787
1.125 0.934566661927788 0.531989682741201
1.140625 0.944503719007933 0.546670411962215
1.15625 0.954063019963669 0.561503456480385
1.171875 0.963244564794995 0.576482913856265
1.1875 0.972048353501912 0.591602881650414
1.203125 0.98047438608442 0.606857457423385
1.21875 0.988522662542519 0.622240738735737
1.234375 0.996193182876208 0.637746823148025
1.25 1.00348594708549 0.653369808220804
1.265625 1.01040095517036 0.669103791514631
1.28125 1.01693820713082 0.684942870590063
1.296875 1.02309770296687 0.700881143007655
1.3125 1.02887944267852 0.716912706327963
1.328125 1.03428342626575 0.733031658111544
1.34375 1.03930965372858 0.749232095918953
1.359375 1.04395812506699 0.765508117310747
1.375 1.048228840281 0.781853819847482
1.390625 1.0521217993706 0.798263301089714
1.40625 1.05563700233578 0.814730658597999
1.421875 1.05877444917656 0.831249989932893
1.4375 1.06153413989293 0.847815392654952
1.453125 1.06391607448489 0.864420964324732
1.46875 1.06592025295244 0.88106080250279
1.484375 1.06754667529558 0.897729004749681
1.5 1.06879534151432 0.914419668625962
1.515625 1.06966625160864 0.931126891692189
1.53125 1.07015940557855 0.947844771508918
1.546875 1.07027480342406 0.964567405636704
1.5625 1.07001244514515 0.981288891636105
1.578125 1.06937233074184 0.998003327067676
1.59375 1.06835446021412 1.01470480949197
1.609375 1.06695883356199 1.03138743646955
1.625 1.06518545078544 1.04804530556097
1.640625 1.06303431188449 1.06467251432678
1.65625 1.06050541685913 1.08126316032755
1.671875 1.05759876570937 1.09781134112382
1.6875 1.05431435843519 1.11431115427615
1.703125 1.0506521950366 1.1307566973451
1.71875 1.0466122755136 1.14714206789123
1.734375 1.0421945998662 1.16346136347509
1.75 1.03739916809438 1.17970868165723
1.765625 1.03222598019816 1.19587811999822
1.78125 1.02667503617752 1.21196377605861
1.796875 1.02074633603248 1.22795974739895
1.8125 1.01443987976303 1.24386013157981
1.828125 1.00775566736917 1.25965902616173
1.84375 1.0006936988509 1.27535052870528
1.859375 0.993253974208216 1.29092873677101
1.875 0.985436493441127 1.30638774791947
1.890625 0.977241256549629 1.32172165971123
1.90625 0.968668263533721 1.33692456970684
1.921875 0.959717514393404 1.35199057546684
1.9375 0.950389009128678 1.36691377455181
1.953125 0.940682747739543 1.3816882645223
1.96875 0.930598730225998 1.39630814293886
1.984375 0.920136956588045 1.41076750736205
2 0.909297426825682 1.42506045535242
2.015625 0.898253794558245 1.43918198891647
2.03125 0.887179713405069 1.45313072784442
2.046875 0.876075183366153 1.46690619637243
2.0625 0.864940204441499 1.48050791873667
2.078125 0.853774776631106 1.49393541917328
2.09375 0.842578899934974 1.50718822191844
2.109375 0.831352574353103 1.5202658512083
2.125 0.820095799885493 1.53316783127903
2.140625 0.808808576532144 1.54589368636678
2.15625 0.797490904293055 1.55844294070771
2.171875 0.786142783168228 1.57081511853799
2.1875 0.774764213157662 1.58300974409377
2.203125 0.763355194261357 1.59502634161122
2.21875 0.751915726479313 1.60686443532649
2.234375 0.740445809811529 1.61852354947575
2.25 0.728945444258007 1.63000320829516
2.265625 0.717414629818746 1.64130293602087
2.28125 0.705853366493746 1.65242225688905
2.296875 0.694261654283006 1.66336069513585
2.3125 0.682639493186528 1.67411777499745
2.328125 0.670986883204311 1.68469302070999
2.34375 0.659303824336355 1.69508595650963
2.359375 0.647590316582659 1.70529610663255
2.375 0.635846359943225 1.71532299531489
2.390625 0.624071954418052 1.72516614679283
2.40625 0.61226710000714 1.73482508530251
2.421875 0.600431796710488 1.74429933508011
2.4375 0.588566044528098 1.75358842036177
2.453125 0.576669843459969 1.76269186538366
2.46875 0.5647431935061 1.77160919438195
2.484375 0.552786094666493 1.78033993159278
2.5 0.540798546941147 1.78888360125233
2.515625 0.528780550330061 1.79723972759675
2.53125 0.516732104833237 1.8054078348622
2.546875 0.504653210450673 1.81338744728484
2.5625 0.492543867182371 1.82117808910083
2.578125 0.48040407502833 1.82877928454634
2.59375 0.468233833988549 1.83619055785752
2.609375 0.45603314406303 1.84341143327054
2.625 0.443802005251771 1.85044143502154
2.640625 0.431540417554774 1.85728008734671
2.65625 0.419248380972038 1.86392691448218
2.671875 0.406925895503562 1.87038144066414
2.6875 0.394572961149348 1.87664319012872
2.703125 0.382189577909394 1.88271168711211
2.71875 0.369775745783702 1.88858645585045
2.734375 0.35733146477227 1.8942670205799
2.75 0.3448567348751 1.89975290553663
2.765625 0.33235155609219 1.9050436349568
2.78125 0.319815928423542 1.91013873307657
2.796875 0.307249851869154 1.91503772413209
2.8125 0.294653326429028 1.91974013235953
2.828125 0.282026352103162 1.92424548199505
2.84375 0.269368928891558 1.92855329727481
2.859375 0.256681056794214 1.93266310243497
2.875 0.243962735811132 1.93657442171168
2.890625 0.23121396594231 1.94028677934112
2.90625 0.21843474718775 1.94379969955943
2.921875 0.20562507954745 1.94711270660279
2.9375 0.192784963021412 1.95022532470734
2.953125 0.179914397609634 1.95313707810926
2.96875 0.167013383312117 1.9558474910447
2.984375 0.154081920128862 1.95835608774982
3 0.141120008059867 1.96066239246078
3.015625 0.128126419944827 1.96276592302228
3.03125 0.115099928623435 1.96466617171319
3.046875 0.102040534095692 1.9663626244209
3.0625 0.0889482363615964 1.96785476703281
3.078125 0.0758230354211491 1.96914208543633
3.09375 0.0626649312743501 1.97022406551886
3.109375 0.0494739239211993 1.97110019316779
3.125 0.0362500133616967 1.97176995427053
3.140625 0.0229931995958422 1.97223283471448
3.15625 0.00970348262363599 1.97248832038703
3.171875 -0.00361913755492205 1.9725358971756
3.1875 -0.0169746609398319 1.97237505096757
3.203125 -0.0303630875310935 1.97200526765036
3.21875 -0.043784417328707 1.97142603311136
3.234375 -0.0572386503326722 1.97063683323797
3.25 -0.0707257865429893 1.9696371539176
3.265625 -0.0842458259596581 1.96842648103764
3.28125 -0.0977987685826788 1.96700430048549
3.296875 -0.111384614412051 1.96537009814856
3.3125 -0.125003363447776 1.96352335991425
3.328125 -0.138655015689852 1.96146357166995
3.34375 -0.152339571138279 1.95919021930308
3.359375 -0.166057029793059 1.95670278870102
3.375 -0.179807391654191 1.95400076575118
3.390625 -0.193590656721674 1.95108363634096
3.40625 -0.207406824995509 1.94795088635776
3.421875 -0.221255896475696 1.94460200168898
3.4375 -0.235137871162235 1.94103646822202
3.453125 -0.249052749055125 1.93725377184429
3.46875 -0.263000530154367 1.93325339844319
3.484375 -0.276981214459961 1.9290348339061
3.5 -0.290994801971907 1.92459756412045
3.515625 -0.305041292690205 1.91994107497361
3.53125 -0.319120686614855 1.91506485235301
3.546875 -0.333232983745856 1.90996838214603
3.5625 -0.347378184083209 1.90465115024009
3.578125 -0.361556287626914 1.89911264252257
3.59375 -0.375767294376971 1.89335234488088
3.609375 -0.390011204333379 1.88736974320242
3.625 -0.404288017496139 1.88116432337459
3.640625 -0.418597733865252 1.8747355712848
3.65625 -0.432940353440716 1.86808297282044
3.671875 -0.447315876222531 1.86120601386891
3.6875 -0.461724302210699 1.85410418031762
3.703125 -0.476165631405218 1.84677695805396
3.71875 -0.490639863806089 1.83922383296534
3.734375 -0.505146999413312 1.83144429093915
3.75 -0.519687038226887 1.82343781786281
3.765625 -0.534259980246813 1.8152038996237
3.78125 -0.548865825473092 1.80674202210923
3.796875 -0.563504573905722 1.7980516712068
3.8125 -0.578176225544704 1.78913233280381
3.828125 -0.592880780390038 1.77998349278766
3.84375 -0.607618238441723 1.77060463704575
3.859375 -0.622388599699761 1.76099525146549
3.875 -0.63719186416415 1.75115482193427
3.890625 -0.652028031834891 1.74108283433949
3.90625 -0.666897102711984 1.73077877456856
3.921875 -0.681799076795428 1.72024212850888
3.9375 -0.696733954085225 1.70947238204784
3.953125 -0.711701734581373 1.69846902107285
3.96875 -0.726702418283873 1.6872315314713
3.984375 -0.741736005192725 1.67575939913061
4 -0.756802495307928 1.66405210993816
4.015625 -0.771699112199496 1.65211020590861
4.03125 -0.78622307943744 1.63993845356554
4.046875 -0.800374397021761 1.6275426755598
4.0625 -0.814153064952458 1.61492869454222
4.078125 -0.827559083229531 1.60210233316365
4.09375 -0.840592451852981 1.58906941407491
4.109375 -0.853253170822807 1.57583575992686
4.125 -0.86554124013901 1.56240719337031
4.140625 -0.877456659801589 1.54878953705613
4.15625 -0.888999429810544 1.53498861363513
4.171875 -0.900169550165877 1.52101024575816
4.1875 -0.910967020867585 1.50686025607606
4.203125 -0.92139184191567 1.49254446723966
4.21875 -0.931444013310131 1.4780687018998
4.234375 -0.941123535050969 1.46343878270733
4.25 -0.950430407138183 1.44866053231307
4.265625 -0.959364629571773 1.43373977336787
4.28125 -0.96792620235174 1.41868232852257
4.296875 -0.976115125478084 1.403494020428
4.3125 -0.983931398950804 1.38818067173499
4.328125 -0.9913750227699 1.3727481050944
4.34375 -0.998445996935373 1.35720214315704
4.359375 -1.00514432144722 1.34154860857378
4.375 -1.01146999630545 1.32579332399543
4.390625 -1.01742302151005 1.30994211207284
4.40625 -1.02300339706103 1.29400079545686
4.421875 -1.02821112295838 1.2779751967983
4.4375 -1.03304619920211 1.26187113874802
4.453125 -1.03750862579222 1.24569444395685
4.46875 -1.04159840272871 1.22945093507562
4.484375 -1.04531553001157 1.21314643475519
4.5 -1.0486600076408 1.19678676564638
4.515625 -1.05163183561642 1.18037775040002
4.53125 -1.05423101393841 1.16392521166697
4.546875 -1.05645754260677 1.14743497209806
4.5625 -1.05831142162151 1.13091285434413
4.578125 -1.05979265098263 1.114364681056
4.59375 -1.06090123069013 1.09779627488453
4.609375 -1.061637160744 1.08121345848055
4.625 -1.06200044114425 1.06462205449489
4.640625 -1.06199107189087 1.0480278855784
4.65625 -1.06160905298388 1.03143677438192
4.671875 -1.06085438442325 1.01485454355627
4.6875 -1.05972706620901 0.998287015752302
4.703125 -1.05822709834114 0.981740013620851
4.71875 -1.05635448081964 0.965219359812754
4.734375 -1.05410921364453 0.94873087697885
4.75 -1.05149129681579 0.932280387769975
4.765625 -1.04850073033342 0.915873714836969
4.78125 -1.04513751419744 0.899516680830668
4.796875 -1.04140164840783 0.883215108401912
4.8125 -1.03729313296459 0.866974820201537
4.828125 -1.03281196786773 0.850801638880381
4.84375 -1.02795815311725 0.834701387089283
4.859375 -1.02273168871315 0.818679887479079
4.875 -1.01713257465542 0.80274296270061
4.890625 -1.01116081094407 0.78689643540471
4.90625 -1.00481639757909 0.77114612824222
4.921875 -0.99809933456049 0.755497863863976
4.9375 -0.991009621888266 0.739957464920817
4.953125 -0.98354725956242 0.724530754063581
4.96875 -0.97571224758295 0.709223553943104
4.984375 -0.967504585949856 0.694041687210226
5 -0.958924274663138 0.678990976515784
5.015625 -0.950128721541504 0.664076424678226
5.03125 -0.94127533440366 0.649299755186446
5.046875 -0.932364113249605 0.634661871696946
5.0625 -0.923395058079341 0.620163677866231
5.078125 -0.914368168892866 0.605806077350801
5.09375 -0.905283445690181 0.591589973807163
5.109375 -0.896140888471286 0.577516270891818
5.125 -0.886940497236181 0.56358587226127
5.140625 -0.877682271984866 0.549799681572022
5.15625 -0.86836621271734 0.536158602480577
5.171875 -0.858992319433605 0.522663538643439
5.1875 -0.849560592133659 0.509315393717111
5.203125 -0.840071030817503 0.496115071358097
5.21875 -0.830523635485137 0.483063475222899
5.234375 -0.820918406136561 0.470161508968021
5.25 -0.811255342771775 0.457410076249966
5.265625 -0.801534445390779 0.444810080725237
5.28125 -0.791755713993572 0.432362426050338
5.296875 -0.781919148580156 0.420068015881772
5.3125 -0.772024749150529 0.407927753876043
5.328125 -0.762072515704692 0.395942543689653
5.34375 -0.752062448242645 0.384113288979106
5.359375 -0.741994546764388 0.372440893400904
5.375 -0.731868811269921 0.360926260611553
5.390625 -0.721685241759244 0.349570294267554
5.40625 -0.711443838232356 0.338373898025411
5.421875 -0.701144600689258 0.327337975541627
5.4375 -0.690787529129951 0.316463430472706
5.453125 -0.680372623554433 0.305751166475151
5.46875 -0.669899883962705 0.295202087205464
5.484375 -0.659369310354767 0.284817096320151
5.5 -0.648780902730618 0.274597097475712
5.515625 -0.63813466109026 0.264542994328653
5.53125 -0.627430585433692 0.254655690535476
5.546875 -0.616668675760913 0.244936089752685
5.5625 -0.605848932071924 0.235385095636782
5.578125 -0.594971354366725 0.226003611844272
5.59375 -0.584035942645316 0.216792542031656
5.609375 -0.573042696907697 0.20775278985544
5.625 -0.561991617153868 0.198885258972125
5.640625 -0.550882703383828 0.190190853038216
5.65625 -0.539715955597579 0.181670475710215
5.671875 -0.528491373795119 0.173325030644626
5.6875 -0.517208957976449 0.165155421497952
5.703125 -0.505868708141569 0.157162551926696
5.71875 -0.494470624290479 0.149347325587362
5.734375 -0.483014706423179 0.141710646136453
5.75 -0.471500954539669 0.134253417230472
5.765625 -0.459929368639948 0.126976542525923
5.78125 -0.448299948724018 0.119880925679309
5.796875 -0.436612694791877 0.112967470347132
5.8125 -0.424867606843526 0.106237080185897
5.828125 -0.413064684878965 0.0996906588521063
5.84375 -0.401203928898194 0.0933291100022635
5.859375 -0.389285338901213 0.087153337292872
5.875 -0.377308914888021 0.081164244380435
5.890625 -0.36527465685862 0.0753627349214558
5.90625 -0.353182564813008 0.0697497125724377
5.921875 -0.341032638751187 0.0643260809898838
5.9375 -0.328824878673155 0.0590927438302975
5.953125 -0.316559284578913 0.0540506047501821
5.96875 -0.304235856468461 0.0492005674060408
5.984375 -0.291854594341798 0.0445435354543772
6 -0.279415498198926 0.0400804125516941
6.015625 -0.26691368396024 0.0358121277924098
6.03125 -0.254344267546136 0.0317397120226003
6.046875 -0.241707248956614 0.0278642215262566
6.0625 -0.229002628191676 0.0241867125873697
6.078125 -0.216230405251319 0.0207082414899304
6.09375 -0.203390580135545 0.0174298645179296
6.109375 -0.190483152844353 0.0143526379553583
6.125 -0.177508123377744 0.0114776180862072
6.140625 -0.164465491735718 0.00880586119446739
6.15625 -0.151355257918273 0.00633842356412968
6.171875 -0.138177421925412 0.00407636147918498
6.1875 -0.124931983757132 0.0020207312236242
6.203125 -0.111618943413435 0.000172589081438232
6.21875 -0.0982383008943208 -0.00146700866338201
6.234375 -0.0847900561997887 -0.00289700572684565
6.25 -0.0712742093298391 -0.00411634582496179
6.265625 -0.057690760284472 -0.00512397267373949
6.28125 -0.0440397090636872 -0.0059188299891879
6.296875 -0.030321055667485 -0.00649986148731609
6.3125 -0.0165348000958651 -0.00686601088413317
6.328125 -0.00268094234882775 -0.00701622189564825
6.34375 0.0112405175736272 -0.00694943823787041
6.359375 0.0252295796714997 -0.00666460362680876
6.375 0.0392862439447897 -0.0061606617784724
6.390625 0.0534105103934974 -0.00543655640887045
6.40625 0.0676023790176225 -0.00449123123401198
6.421875 0.0818618498171653 -0.00332362996990611
6.4375 0.0961889227921255 -0.00193269633256193
6.453125 0.110583597942503 -0.000317374037988559
6.46875 0.125045875268299 0.00152339319780494
6.484375 0.139575754769512 0.00359066165880942
6.5 0.154173236446142 0.00588548762901581
6.515625 0.16883832029819 0.00840892739241499
6.53125 0.183571006325656 0.0111620372329979
6.546875 0.198371294528539 0.0141458734347554
6.5625 0.21323918490684 0.0173614922816784
6.578125 0.228174677460558 0.0208099500577578
6.59375 0.243177772189694 0.0244923030469844
6.609375 0.258248469094247 0.0284096075333493
6.625 0.273386768174218 0.0325629198008433
6.640625 0.288592669429607 0.0369532961334573
6.65625 0.303866172860413 0.0415817928151822
6.671875 0.319207278466637 0.0464494661300088
6.6875 0.334615986248278 0.0515573723619282
6.703125 0.350092296205337 0.0569065677949312
6.71875 0.365636208337813 0.0624981087130086
6.734375 0.381247722645707 0.0683330514001514
6.75 0.396926839129018 0.0744124521403506
6.765625 0.412673557787747 0.0807373672175969
6.78125 0.428487878621894 0.0873088529158813
6.796875 0.444369801631458 0.0941279655191947
6.8125 0.46031932681644 0.101195761311528
6.828125 0.476336454176839 0.108513296576872
6.84375 0.492421183712656 0.116081627599218
6.859375 0.50857351542389 0.123901810662556
6.875 0.524793449310542 0.131974902050878
6.890625 0.541080985372611 0.140301958048174
6.90625 0.557436123610098 0.148884034938436
6.921875 0.573858864023003 0.157722189005653
6.9375 0.590349206611325 0.166817476533818
6.953125 0.606907151375065 0.176170953806921
6.96875 0.623532698314222 0.185783677108953
6.984375 0.640225847428797 0.195656702723904
7 0.656986598718789 0.205791086935766
7.015625 0.67359988163744 0.216186765869432
7.03125 0.689850625637992 0.226839195013404
7.046875 0.705738830720444 0.237742709697088
7.0625 0.721264496884796 0.248891645249887
7.078125 0.736427624131048 0.260280337001206
7.09375 0.7512282124592 0.27190312028045
7.109375 0.765666261869253 0.283754330417024
7.125 0.779741772361206 0.295828302740332
7.140625 0.79345474393506 0.30811937257978
7.15625 0.806805176590813 0.320621875264771
7.171875 0.819793070328467 0.333330146124711
7.1875 0.832418425148021 0.346238520489004
7.203125 0.844681241049475 0.359341333687055
7.21875 0.85658151803283 0.372632921048268
7.234375 0.868119256098084 0.386107617902049
7.25 0.87929445524524 0.399759759577802
7.265625 0.890107115474295 0.413583681404931
7.28125 0.900557236785251 0.427573718712842
7.296875 0.910644819178106 0.441724206830938
7.3125 0.920369862652862 0.456029481088626
7.328125 0.929732367209519 0.470483876815309
7.34375 0.938732332848075 0.485081729340391
7.359375 0.947369759568532 0.499817373993279
7.375 0.955644647370889 0.514685146103376
7.390625 0.963556996255147 0.529679381000088
7.40625 0.971106806221304 0.544794414012818
7.421875 0.978294077269362 0.560024580470972
7.4375 0.98511880939932 0.575364215703954
7.453125 0.991581002611179 0.590807655041169
7.46875 0.997680656904937 0.606349233812021
7.484375 1.0034177722806 0.621983287345916
7.5 1.00879234873816 0.637704150972258
7.515625 1.01380438627761 0.653506160020452
7.53125 1.01845388489897 0.669383649819902
7.546875 1.02274084460223 0.685330955700013
7.5625 1.02666526538739 0.70134241299019
7.578125 1.03022714725445 0.717412357019837
7.59375 1.03342649020342 0.73353512311836
7.609375 1.03626329423428 0.749705046615162
7.625 1.03873755934704 0.765916462839649
7.640625 1.0408492855417 0.782163707121225
7.65625 1.04259847281826 0.798441114789295
7.671875 1.04398512117672 0.814743021173264
7.6875 1.04500923061708 0.831063761602536
7.703125 1.04567080113935 0.847397671406516
7.71875 1.04596983274351 0.863739085914609
7.734375 1.04590632542957 0.880082340456219
7.75 1.04548027919754 0.896421770360752
7.765625 1.0446916940474 0.912751710957611
7.78125 1.04354056997916 0.929066497576201
7.796875 1.04202690699283 0.945360465545928
7.8125 1.04015070508839 0.961627950196195
7.828125 1.03791196426586 0.977863286856408
7.84375 1.03531068452522 0.994060810855971
7.859375 1.03234686586649 1.01021485752429
7.875 1.02902050828965 1.02631976219077
7.890625 1.02533161179472 1.04236986018481
7.90625 1.02128017638168 1.05835948683582
7.921875 1.01686620205055 1.07428297747321
7.9375 1.01208968880131 1.09013466742637
7.953125 1.00695063663398 1.10590889202471
7.96875 1.00144904554855 1.12159998659765
7.984375 0.995584915545014 1.13720228647457
8 0.989358246623382 1.1527101269849
8.015625 0.980338875351794 1.16809838575033
8.03125 0.971319504080206 1.18334571683964
8.046875 0.962300132808618 1.19845212025284
8.0625 0.95328076153703 1.21341759598991
8.078125 0.944261390265442 1.22824214405087
8.09375 0.935242018993854 1.24292576443571
8.109375 0.926222647722267 1.25746845714443
8.125 0.917203276450679 1.27187022217703
8.140625 0.908183905179091 1.28613105953351
8.15625 0.899164533907503 1.30025096921387
8.171875 0.890145162635915 1.31422995121812
8.1875 0.881125791364327 1.32806800554625
8.203125 0.872106420092739 1.34176513219825
8.21875 0.863087048821151 1.35532133117414
8.234375 0.854067677549563 1.36873660247392
8.25 0.845048306277975 1.38201094609757
8.265625 0.836028935006388 1.3951443620451
8.28125 0.8270095637348 1.40813685031652
8.296875 0.817990192463212 1.42098841091181
8.3125 0.808970821191624 1.43369904383099
8.328125 0.799951449920036 1.44626874907405
8.34375 0.790932078648448 1.45869752664099
8.359375 0.78191270737686 1.47098537653182
8.375 0.772893336105272 1.48313229874652
8.390625 0.763873964833685 1.49513829328511
8.40625 0.754854593562097 1.50700336014757
8.421875 0.745835222290509 1.51872749933392
8.4375 0.736815851018921 1.53031071084415
8.453125 0.727796479747333 1.54175299467826
8.46875 0.718777108475745 1.55305435083626
8.484375 0.709757737204157 1.56421477931813
8.5 0.700738365932569 1.57523428012389
8.515625 0.691718994660981 1.58611285325352
8.53125 0.682699623389393 1.59685049870704
8.546875 0.673680252117806 1.60744721648444
8.5625 0.664660880846218 1.61790300658572
8.578125 0.65564150957463 1.62821786901089
8.59375 0.646622138303042 1.63839180375993
8.609375 0.637602767031454 1.64842481083286
8.625 0.628583395759866 1.65831689022966
8.640625 0.619564024488278 1.66806804195035
8.65625 0.61054465321669 1.67767826599492
8.671875 0.601525281945102 1.68714756236337
8.6875 0.592505910673514 1.69647593105571
8.703125 0.583486539401927 1.70566337207192
8.71875 0.574467168130339 1.71470988541202
8.734375 0.565447796858751 1.72361547107599
8.75 0.556428425587163 1.73238012906385
8.765625 0.547409054315575 1.74100385937559
8.78125 0.538389683043987 1.74948666201121
8.796875 0.529370311772399 1.75782853697072
8.8125 0.520350940500811 1.7660294842541
8.828125 0.511331569229224 1.77408950386137
8.84375 0.502312197957636 1.78200859579251
8.859375 0.493292826686048 1.78978676004754
8.875 0.48427345541446 1.79742399662645
8.890625 0.475254084142872 1.80492030552925
8.90625 0.466234712871284 1.81227568675592
8.921875 0.457215341599696 1.81949014030647
8.9375 0.448195970328108 1.82656366618091
8.953125 0.43917659905652 1.83349626437923
8.96875 0.430157227784932 1.84028793490143
8.984375 0.421137856513345 1.84693867774751
9 0.412118485241757 1.85344849291747


1 2
1.3 1.53846153846154
1.6 1.25
1.8 1.11111111111111
1.9 1.05263157894737
2 5
2.05 0.975609756097561
2.1 0.952380952380952
2.5 0.8
3 0.666666666666667
4 0.5




1.01 1.99069628811415 -0.931724003601123 0.0199534983507585
1.05166666666667 1.95103285964082 -0.983863749025304 0.102080398961601
1.09333333333333 1.90772904353652 -1.10646260988757 0.182489009048175
1.135 1.85784904332466 -1.29952058618792 0.260966483365928
1.17666666666667 1.79845706252866 -1.56303767792635 0.337177651817117
1.21833333333333 1.72661730467193 -1.89701388510286 0.410665019450806
1.26 1.63939397327789 -2.30144920771745 0.480848766462871
1.30166666666667 1.53385148943804 -2.77595202321261 0.547026748286647
1.34333333333333 1.41087738067763 -3.05696035037628 0.608415921553982
1.385 1.28492519748257 -2.91889959607604 0.66455850119819
1.42666666666667 1.17345615158051 -2.36176976031187 0.715694176028821
1.46833333333333 1.09393145469913 -1.38557084308379 0.762790185344076
1.51 1.06381231856609 0.00969715560820461 0.807541318930809
1.55166666666667 1.10055995490904 1.82403423576412 0.852369917064528
1.59333333333333 1.22163557545565 4.05744039738395 0.900425870509391
1.635 1.43080040928047 5.5356314130572 0.955466745669997
1.67666666666667 1.64262452315136 4.14702589426582 1.0196973295515
1.71833333333333 1.7359775539293 -0.150980575404159 1.09070669088965
1.76 1.58963446199436 -7.35838799595274 1.16103301289682
1.80166666666667 1.08238547117682 -17.4477221569665 1.21816344182767
1.84333333333333 0.361230152742614 -11.9288394502322 1.24744031786031
1.885 0.524889990127755 25.0234053223623 1.2605550539426
1.92666666666667 2.66784859526264 69.1945338192682 1.32022592075484
1.96833333333334 5.12383426621084 34.2258791427087 1.48761176952926
2.01 4.34537051332832 -78.2620930546824 1.70193682576036
2.05166666666667 0.890073447783737 -48.6219712295013 1.80668219374138
2.09333333333333 0.792877793567289 23.5661294038157 1.83129979763623
2.135 1.66281398356352 16.9630092747677 1.88357665729615
2.17666666666667 2.21826363223586 9.88233062708257 1.96545684469818
2.21833333333333 2.50165459961856 3.90419257286529 2.06465336718679
2.26 2.55892607710613 -0.971404887884132 2.17078751286229
2.30166666666667 2.43601725609305 -4.74446175516569 2.27539470279979
2.34333333333333 2.17886732797382 -7.4149780289794 2.37192449104913
2.385 1.83341548414294 -8.98295370932524 2.45574056463494
2.42666666666667 1.44560091599488 -9.44838879620323 2.52412074355663
2.46833333333333 1.06136281492416 -8.81128328961335 2.57625698078837
2.51 0.726515189217747 -7.10919212181208 2.61325504932132
2.55166666666667 0.470107363128938 -5.23195854876419 2.63791309532318
2.59333333333333 0.287720725294616 -3.55617508559668 2.65345873497449
2.635 0.170961521136432 -2.08184173230955 2.66280131456546
2.67666666666667 0.111435996076037 -0.808958488902803 2.66850044061221
2.71833333333333 0.100750395535083 0.262474644623566 2.67276597985679
2.76 0.130510964935218 1.13245766826955 2.6774580592671
2.80166666666667 0.192323949698095 1.80099058203516 2.68408706603698
2.84333333333333 0.277795595245364 2.26807338592038 2.69381364758617
2.885 0.378532146998676 2.53370607992523 2.70744871156029
2.92666666666666 0.486139850379683 2.59788866404969 2.72545342583089
2.96833333333333 0.592224950810034 2.46062113829377 2.74793921849539
3.01 0.688415337823247 2.12839673621759 2.77466783198743
3.05166666666666 0.769237508471262 1.75506901967632 2.80508961115163
3.09333333333333 0.835004553195371 1.40575069187009 2.8385618587222
3.135 0.886716863192868 1.08044175279891 2.87447811926893
3.17666666666666 0.925374829661045 0.779142202462784 2.91227362032815
3.21833333333333 0.951978843797197 0.501852040861701 2.95142527240274
3.26 0.967529296798618 0.248571267995665 2.99145166896215
3.30166666666666 0.973026579862601 0.0192998838646772 3.03191308644238
3.34333333333333 0.969471084186439 -0.185962111531263 3.07241148424598
3.385 0.957863200967427 -0.367214718192156 3.11259050474205
3.42666666666666 0.939203321402857 -0.524457936118002 3.15213547326624
3.46833333333333 0.914491836690024 -0.657691765308798 3.19077339812078
3.51 0.884729138026222 -0.766916205764548 3.22827297057442
3.55166666666666 0.850915616608743 -0.85213125748525 3.2644445648625
3.59333333333333 0.814051663634883 -0.913336920470905 3.29914023818687
3.635 0.775137670301933 -0.950533194721512 3.33225373071597
3.67666666666666 0.735174027807188 -0.963720080237072 3.36372046558478
3.71833333333333 0.695161127347942 -0.952897577017584 3.39351754889484
3.76 0.656099360121488 -0.918065685063048 3.42166376971423
3.80166666666666 0.61898911732512 -0.859224404373464 3.44821960007761
3.84333333333333 0.58483079015613 -0.776373734948833 3.47328719498615
3.88499999999999 0.554624769811815 -0.669513676789154 3.49701039240763
3.92666666666666 0.529371447489465 -0.538644229894428 3.51957471327633
3.96833333333333 0.510071214386377 -0.383765394264652 3.54120736149313


-4 -1
-3 -1
-2 -1
-1 -1
-0.5 -1
1 2
2 2
3 2
4 2




-3.9 -0.99907360395096 0.00907680977342635 -0.0999534462591518
-3.4 -0.996406706234025 -0.000748602867911457 -0.598618827708703
-2.9 -1.002105445566 -0.0229259628297882 -1.09776237924013
-2.4 -1.01122904301867 -0.00187150716977862 -1.60153463587922
-1.9 -0.992504613785037 0.0826270415457264 -2.10431826885587
-1.4 -0.958677121691288 0.00823463154702592 -2.59056386084998
-0.9 -1.02672512238444 -0.273052896070701 -3.08025700298921
-0.4 -0.908222405137017 1.12885962252163 -3.59430877461528
0.1 0.0405787809210243 2.42744877182342 -3.83827362127973
0.6 1.28033001679928 2.29265982180248 -3.50523831872422
1.1 2.0961432222848 0.778521855911276 -2.62885508021776
1.6 2.15493584022874 -0.332005371918728 -1.54294933067625
2.1 1.97440791924793 -0.206734826495689 -0.513653571170703
2.6 1.95942156565438 0.0891495906078067 0.463639541365219
3.1 2.00622510072348 0.0484174500714811 1.45602275917342
3.6 2.00737789715375 -0.0245929905124984 2.46094455948822


