0.104559405723764
0.0190707059463404
0.0281634198135788
0.039588207026889
0.0500316122400063
0.0599529274951942
0.0693969120463776
0.0782185314386168
0.0861753648964471
0.0930273488347082
0.0985599434053394
0.102533603299072
0.104805618517486
0.105249496489072
0.103835643532638
0.100567577906546
0.0955507697686471
0.0889269284292701
0.0809303071128017
0.0718626019437983
0.0620550135466873
0.0518915210602453
0.0417756522251247
0.0321238902664576
0.0233268606305808
0.0157354484394048
0.00961902617413012
0.00512655780346411
0.00223242645035546
0.000709117503722576
0.000131278833629493
8.13955015848171E-06
