0.231508515523592
0.0384521819240802
0.0538437092989668
0.0695915609275383
0.0782629176491013
0.0804603467372409
0.0765666090286421
0.0673058446229486
0.0539744371078268
0.0384724885662857
0.0230857604502364
0.0102138360478746
0.00203934831824623
0.000191714989939943
0.00546164528426298
0.0176354399807994
0.0354547667987023
0.0567574052577963
0.0787219270528704
0.0982963699256223
0.112609370290667
0.119472291859478
0.117743235741318
0.107589126323494
0.090514612815598
0.0691934931185786
0.0470007445005799
0.0273455032506182
0.0127914205252505
0.00430043862560867
0.00083123538121966
5.35604255704236E-05
