0.288356233612647
0.0396793766668744
0.0495581612834822
0.0528817939290093
0.0441436993000318
0.0285030232011135
0.0121451653646299
0.00150626377042433
0.00159951709922785
0.014405891403399
0.0379550504650106
0.0665601347631875
0.0923478812472395
0.107578076600923
0.107232389480245
0.0908157495530619
0.0629489653783704
0.0321649915315725
0.00845287531414317
2.06602859736191E-05
0.0104587335626979
0.037243469217466
0.0722199796161513
0.104108380575432
0.122269211611895
0.120589163391389
0.0999218785752971
0.0679601028164657
0.0359181758344535
0.0132625112588222
0.00274817575427342
0.000186175885643803
