100 0.0146175302162582
100.5 0.0151960545772041
101 0.015809595094635
101.5 0.0164610339521401
102 0.0171535558977829
102.5 0.0178906871486334
103 0.0186763402548293
103.5 0.0195148659889862
104 0.0204111135459364
104.5 0.0213705006081394
105 0.0223990951671286
105.5 0.0235037114084452
106 0.024692022489319
106.5 0.0259726936945025
107 0.027355540285175
107.5 0.0288517154103847
108 0.0304739347990324
108.5 0.0322367466855398
109 0.0341568576694153
109.5 0.0362535281388626
110 0.038549054736417
110.5 0.0410693624363105
111 0.0438447355951129
111.5 0.0469107264738638
112 0.0503092921317348
112.5 0.0540902275862347
113 0.0583129866613353
113.5 0.0630490148661641
114 0.0683847652485856
114.5 0.074425634952852
115 0.0813011571924366
115.5 0.0891719261945311
116 0.0982389463102277
116.5 0.1087564213117
117 0.121049502680212
117.5 0.135539309139675
118 0.152778808517577
118.5 0.173505262060514
119 0.198718498091323
119.5 0.229800482260726
120 0.268702760555529
120.5 0.318248924075755
121 0.382638745402278
121.5 0.468319499094123
122 0.585554043857076
122.5 0.75137079145583
123 0.995377509826907
123.5 1.37171630507568
124 1.984087253675
124.5 3.03367603846284
125 4.85713462904648
125.5 7.53244975314779
126 9.06932534717867
126.5 7.22589015313407
127 4.60516804859008
127.5 2.88575263872103
128 1.89919320828082
128.5 1.32069809938733
129 0.962984904778487
129.5 0.729752795172767
130 0.57050179772958
130.5 0.457459623737671
131 0.374566302714888
131.5 0.312095255281762
132 0.263909882820601
132.5 0.225997836312424
133 0.195652728148309
133.5 0.17099866826682
134 0.150703919032215
134.5 0.13380284089466
135 0.119581967465141
135.5 0.10750522514629
136 0.0971637071085145
136.5 0.088241233435739
137 0.0804902890886424
137.5 0.0737149238048771
138 0.0677584094143776
138.5 0.0624942034700362
139 0.0578192465802217
139.5 0.0536489305968644
140 0.0499132789327758
140.5 0.0465540170035343
141 0.0435223037651034
141.5 0.0407769594416288
142 0.038283069345586
142.5 0.0360108753882099
143 0.0339348895567255
143.5 0.0320331800364425
144 0.0302867926375988
144.5 0.0286792790231276
145 0.0271963098084293
145.5 0.0258253555378155
146 0.0245554222738422
146.5 0.0233768313794679
147 0.0222810352556047
147.5 0.0212604624832583
148 0.0203083871312043
148.5 0.0194188180166199
149 0.0185864045140184
149.5 0.017806356147313
150 0.0170743737086644
150.5 0.0163865900547215
151 0.0157395190579101
151.5 0.0151300114544861
152 0.0145552165452343
152.5 0.0140125488791225
153 0.0134996591928851
153.5 0.0130144089966484
154 0.0125548482922536
154.5 0.0121191959908027
155 0.0117058226622519
155.5 0.0113132353051032
156 0.0109400638703993
156.5 0.0105850493129156
157 0.0102470329749806
157.5 0.00992494713579479
158 0.00961780658232638
158.5 0.00932470107754354
159 0.00904478861848277
159.5 0.00877728939092101
