0 1
1 0.54030230586814
2 -0.416146836547142
3 -0.989992496600445
4 -0.653643620863612
5 0.283662185463226
6 0.960170286650366
7 0.753902254343305
8 -0.145500033808614
9 -0.911130261884677


0 -0.211321969990151
1 -0.708073418273571
2 -0.765147401234293
3 -0.118748392158236
4 0.636827341031835
5 0.80690695375699
6 0.235120034440039
7 -0.552835160229488
8 -0.832516258113992
9 0


0 1 -0.211321969990151
0.0833333333333333 0.980665004416503 -0.252717924013769
0.166666666666667 0.957880345997705 -0.294113878037387
0.25 0.931646024743606 -0.335509832061005
0.333333333333333 0.901962040654204 -0.376905786084623
0.416666666666667 0.868828393729502 -0.418301740108242
0.5 0.832245083969497 -0.45969769413186
0.583333333333333 0.792212111374192 -0.501093648155478
0.666666666666667 0.748729475943584 -0.542489602179097
0.75 0.701797177677675 -0.583885556202715
0.833333333333333 0.651415216576465 -0.625281510226334
0.916666666666667 0.597583592639953 -0.666677464249952
1 0.54030230586814 -0.708073418273571
1.08333333333333 0.476772483507234 -0.81358900265675
1.16666666666667 0.405213024713916 -0.900784692651484
1.25 0.327150587353889 -0.969660488257771
1.33333333333333 0.244111829292856 -1.02021638947561
1.41666666666667 0.157623408396521 -1.05245239630501
1.5 0.0692119825305892 -1.06636850874596
1.58333333333333 -0.0195957904392368 -1.06196472679846
1.66666666666667 -0.107273252647253 -1.03924105046252
1.75 -0.192293746227755 -0.998197479738132
1.83333333333333 -0.27313061331504 -0.938834014625298
1.91666666666667 -0.348257196043404 -0.861150655124019
2 -0.416146836547142 -0.765147401234293
2.08333333333333 -0.480259889601205 -0.771733958683264
2.16666666666667 -0.544463844097693 -0.767329035852483
2.25 -0.607842743346626 -0.751932632741948
2.33333333333333 -0.669480630658025 -0.72554474935166
2.41666666666667 -0.72846154934191 -0.688165385681618
2.5 -0.783869542708301 -0.639794541731823
2.58333333333333 -0.83478865406722 -0.580432217502275
2.66666666666667 -0.880302926728688 -0.510078412992974
2.75 -0.919496404002723 -0.428733128203919
2.83333333333333 -0.951453129199348 -0.336396363135111
2.91666666666667 -0.975257145628582 -0.233068117786549
3 -0.989992496600446 -0.118748392158235
3.08333333333333 -0.995743535042254 -0.0203502721298798
3.16666666666667 -0.993563165569546 0.0716053977901387
3.25 -0.983988259024684 0.157118617601821
3.33333333333333 -0.96755568625003 0.236189387305167
3.41666666666667 -0.944802318087943 0.308817706900177
3.5 -0.916265025380787 0.375003576386851
3.58333333333334 -0.882480678970922 0.434746995765189
3.66666666666667 -0.843986149700709 0.488047965035191
3.75 -0.80131830841251 0.534906484196856
3.83333333333334 -0.755014025948686 0.575322553250186
3.91666666666667 -0.705610173151599 0.609296172195179
4 -0.65364362086361 0.63682734103184
4.08333333333334 -0.595745166472037 0.74974336076963
4.16666666666667 -0.529185094668053 0.844706158929718
4.25 -0.455459507249799 0.921715735512105
4.33333333333333 -0.376064506015417 0.980772090516789
4.41666666666667 -0.292496192763048 1.02187522394377
4.5 -0.206250669290836 1.04502513579305
4.58333333333333 -0.118824037396921 1.05022182606463
4.66666666666667 -0.0317123988794455 1.03746529475851
4.75 0.0535881444634487 1.00675554187468
4.83333333333333 0.13558149083362 0.958092567413152
4.91666666666667 0.212771538432926 0.891476371373922
5 0.283662185463226 0.80690695375699
5.08333333333333 0.35197856073297 0.830526405396197
5.16666666666667 0.421723311809145 0.841187973111353
5.25 0.491816615031415 0.838891656902457
5.33333333333333 0.561178646739442 0.823637456769508
5.41666666666666 0.628729583272887 0.795425372712508
5.5 0.693389600971413 0.754255404731455
5.58333333333333 0.754078876174683 0.70012755282635
5.66666666666666 0.809717585222359 0.633041816997193
5.75 0.859225904454102 0.552998197243984
5.83333333333333 0.901524010209576 0.459996693566723
5.91666666666666 0.935532078828443 0.35403730596541
6 0.960170286650365 0.235120034440045
6.08333333333333 0.976094822432384 0.147727303070262
6.16666666666666 0.984901250285715 0.0642854441515087
6.24999999999999 0.986918809581276 -0.0152055423162166
6.33333333333333 0.982476739689985 -0.0907456563329139
6.41666666666666 0.971904279982763 -0.162334897898583
6.49999999999999 0.955530669830528 -0.229973267013225
6.58333333333333 0.933685148604199 -0.293660763676838
6.66666666666666 0.906696955674695 -0.353397387889423
6.74999999999999 0.874895330412935 -0.40918313965098
6.83333333333333 0.838609512189838 -0.46101801896151
6.91666666666666 0.798168740376323 -0.508902025821011
6.99999999999999 0.753902254343309 -0.552835160229484
7.08333333333333 0.702794005879375 -0.670891600419102
7.16666666666666 0.642565521354432 -0.771720825693712
7.24999999999999 0.574652402011396 -0.855322836053307
7.33333333333332 0.500490249093187 -0.921697631497888
7.41666666666666 0.421514663842722 -0.970845212027454
7.49999999999999 0.339161247502918 -1.002765577642
7.58333333333332 0.254865601316694 -1.01745872834154
7.66666666666666 0.170063326526968 -1.01492466412606
7.74999999999999 0.0861900243766568 -0.99516338499557
7.83333333333332 0.00468129610867921 -0.958174890950062
7.91666666666666 -0.0730272570340471 -0.90395918198954
7.99999999999999 -0.145500033808604 -0.832516258114002
8.08333333333332 -0.218859926740535 -0.923268781988221
8.16666666666666 -0.298569432429282 -0.984906964277544
8.24999999999999 -0.382202355742768 -1.01743080498194
8.33333333333332 -0.467332501548915 -1.02084030410142
8.41666666666666 -0.551533674715647 -0.995135461635974
8.49999999999999 -0.632379680110886 -0.940316277585605
8.58333333333333 -0.707444322602556 -0.856382751950314
8.66666666666666 -0.774301407058581 -0.7433348847301
8.74999999999999 -0.830524738346882 -0.601172675924962
8.83333333333333 -0.873688121335383 -0.429896125534903
8.91666666666666 -0.901365360892007 -0.22950523355992
8.99999999999999 -0.911130261884677 -1.50990331349021E-14


0 0
0.0833333333333333 0
0.166666666666667 0
0.25 0
0.333333333333333 0
0.416666666666667 0
0.5 0
0.583333333333333 0
0.666666666666667 0
0.75 0
0.833333333333333 0
0.916666666666667 0
1 0
1.08333333333333 0
1.16666666666667 0
1.25 0
1.33333333333333 0
1.41666666666667 0
1.5 0
1.58333333333333 0
1.66666666666667 0
1.75 0
1.83333333333333 0
1.91666666666667 0
2 0
2.08333333333333 -0.732874688755962
2.16666666666667 -0.732874688755962
2.25 -0.732874688755962
2.33333333333333 -0.732874688755962
2.41666666666667 -0.732874688755962
2.5 -0.732874688755962
2.58333333333333 -0.732874688755962
2.66666666666667 -0.732874688755962
2.75 -0.732874688755962
2.83333333333333 -0.732874688755962
2.91666666666667 -0.732874688755962
3 -0.719749531405973
3.08333333333333 -0.719749531405973
3.16666666666667 -0.719749531405973
3.25 -0.719749531405973
3.33333333333333 -0.719749531405973
3.41666666666667 -0.719749531405973
3.5 -0.719749531405973
3.58333333333334 -0.719749531405973
3.66666666666667 -0.719749531405973
3.75 -0.719749531405973
3.83333333333334 -0.719749531405973
3.91666666666667 -0.719749531405973
4 0.479434330787435
4.08333333333334 0.479434330787435
4.16666666666667 0.479434330787435
4.25 0.479434330787435
4.33333333333333 0.479434330787435
4.41666666666667 0.479434330787435
4.5 0.479434330787435
4.58333333333333 0.479434330787435
4.66666666666667 0.479434330787435
4.75 0.479434330787435
4.83333333333333 0.479434330787435
4.91666666666667 0.479434330787435
5 0.479434330787435
5.08333333333333 0.733641898713397
5.16666666666667 0.733641898713397
5.25 0.733641898713397
5.33333333333333 0.733641898713397
5.41666666666666 0.733641898713397
5.5 0.733641898713397
5.58333333333333 0.733641898713397
5.66666666666666 0.733641898713397
5.75 0.733641898713397
5.83333333333333 0.733641898713397
5.91666666666666 0.733641898713397
6 0.733641898713397
6.08333333333333 0.705397804978565
6.16666666666666 0.705397804978565
6.24999999999999 0.705397804978565
6.33333333333333 0.705397804978565
6.41666666666666 0.705397804978565
6.49999999999999 0.705397804978565
6.58333333333333 0.705397804978565
6.66666666666666 0.705397804978565
6.74999999999999 0.705397804978565
6.83333333333333 0.705397804978565
6.91666666666666 0.705397804978565
6.99999999999999 0.705397804978565
7.08333333333333 -0.294016074278042
7.16666666666666 -0.294016074278042
7.24999999999999 -0.294016074278042
7.33333333333332 -0.294016074278042
7.41666666666666 -0.294016074278042
7.49999999999999 -0.294016074278042
7.58333333333332 -0.294016074278042
7.66666666666666 -0.294016074278042
7.74999999999999 -0.294016074278042
7.83333333333332 -0.294016074278042
7.91666666666666 -0.294016074278042
7.99999999999999 -0.294016074278042
8.08333333333332 0
8.16666666666666 0
8.24999999999999 0
8.33333333333332 0
8.41666666666666 0
8.49999999999999 0
8.58333333333333 0
8.66666666666666 0
8.74999999999999 0
8.83333333333333 0
8.91666666666666 0
8.99999999999999 0
