0.1 -0.498755440690683
0.2 -0.495096740690402
0.3 -0.489228332438007
0.4 -0.481454890159508
0.5 -0.472134575435104
0.6 -0.461636514768078
0.7 -0.450314309756434
0.8 -0.438470615180914
0.9 -0.426368670438091
1 -0.414208239036525


3 -0.410234150600792
6 -0.488413496559805
9 -0.489224083606056
12 -0.489229423437854
15 -0.489229449115289
18 -0.489229449397021
21 -0.489229446272977
24 -0.489229444899275
27 -0.489229439598204
30 -0.489229440292829


0.3 0.104559405723764 0.0190707059463402 0.0281634198135788
0.6 0.231508515523592 0.0384521819240799 0.0538437092989671
0.9 0.288356233612647 0.0396793766668742 0.0495581612834821
1.2 0.283785404783638 0.0276972032608201 0.0271699867300414
1.5 0.24547977532976 0.0125495781821785 0.00631354427608785
1.8 0.195676242551342 0.00215538328141996 0.000282963299038116
2.1 0.147438744600071 0.000524000137031299 0.0123492954284462
2.4 0.10660646712309 0.00822485368195874 0.0376301397735386
2.7 0.0747004482668618 0.0235649327510911 0.0670436471541929
3 0.0510584926028432 0.0437497684112001 0.0912744583003379
3.3 0.034198526054623 0.0657701802873479 0.103649661839374
3.6 0.0225287714061399 0.0869577597034791 0.101524837842591
3.9 0.014634548013749 0.105284472585325 0.086356710527099
4.2 0.00939513758641356 0.119416305920842 0.0627208387243748
4.5 0.00597001312069392 0.128712381464344 0.036843486989265
4.8 0.00375957828542758 0.133071113758945 0.0149923556062728
5.1 0.00234884713280827 0.132814455160384 0.00213691116116508
5.4 0.00145680953693181 0.128532350809284 0.00105135582520814
5.7 0.000898011546992455 0.120977156018189 0.0119753347873852
6 0.000550257995580887 0.110946117187204 0.0327917859286447
6.3 0.000335152148506678 0.0992357061360711 0.0596175397585028
6.6 0.000202957745554221 0.0865838553654261 0.0876412389356336
6.9 0.000122125444209057 0.0736224307451217 0.112034319953949
7.2 7.28837651073637E-05 0.0609002159969239 0.128776910096256
7.5 4.31247687032593E-05 0.0488355747381656 0.135280438470941
7.8 2.52471726536691E-05 0.0377597007901043 0.130717553593416
8.1 1.45510366657677E-05 0.0279034933688633 0.11606632120671
8.4 8.1285640801477E-06 0.0194335788324133 0.093846411786636
8.7 4.31511846819607E-06 0.0124436718077848 0.0676689509425275
9 2.10309989472693E-06 0.00699439721326044 0.0416276218699235
9.3 8.4046835601979E-07 0.00310407513144201 0.0196876521403765
9.6 1.98221385342361E-07 0.000774881086640126 0.00510429500659299
