0
0.0693136037640663
0.138627207528133
0.207940811292199
0.277254415056265
0.346568018820331
0.415881622584398
0.485195226348464
0.55450883011253
0.623822433876597
0.693136037640663
0.762449641404729
0.816870523555139
0.865913128143733
0.911232181409859
0.952827683353517
0.990699633974707
1.02484803327343
1.05527288124968
1.08197417790347
1.10495192323479
1.12420611724363
1.13973675993002
1.06650995425031
0.958377764267429
0.838774784908516
0.70770101617357
0.565156458062593
0.411141110575583
0.245654973712542
0.068698047473469
-0.119729668141636
-0.319628173132773
-0.530997467499941
-0.821394926756759
-1.16091532135178
-1.51655465516926
-1.8883129282092
-2.27619014047161
-2.68018629195648
-3.10030138266382
-3.53653541259362
-3.98888838174588
-4.4573602901206
-4.94195113771779
-5.44308130243436
-5.95854771077379
-6.48740863244221
-7.02966406743963
-7.58531401576605
-8.15435847742145
-8.73679745240586
-9.33263094071925
-9.94185894236165
-10.564481457333
-11.2004984856334
-11.8055374170489
-12.3630218600591
-12.926308639367
-13.4953977549726
-14.070289206876
-14.6509829950772
-15.2374791195761
-15.8297775803727
-16.4278783774671
-17.0317815108593
-17.6414869805491
-18.2208316482585
-18.7299992319628
-19.2394894363451
-19.7493022614056
-20.2594377071442
-20.769895773561
-21.2806764606559
-21.7917797684289
-22.3032056968801
-22.8149542460094
-23.3270254158168
-23.8354391180265
-24.331266158709
-24.8290865911312
-25.3289004152933
-25.8307076311952
-26.3345082388369
-26.8403022382184
-27.3480896293398
-27.857870412201
-28.369644586802
-28.8834121531428
-29.408998244257
-30.0192261016769
-30.6387325093705
-31.2675174673381
-31.9055809755795
-32.5529230340947
-33.2095436428838
-33.8754428019467
-34.5506205112835
-35.2350767708941
-35.9288115807786
