1
0.958627207528133
0.917254415056265
0.875881622584398
0.83450883011253
0.793136037640663
0.751763245168795
0.710390452696928
0.669017660225061
0.627644867753193
0.586272075281326
0.544899282809458
0.463786374474917
0.377705951657542
0.291625528840166
0.205545106022791
0.119464683205416
0.0333842603880402
-0.0526961624293351
-0.138776585246711
-0.224857008064086
-0.310937430881461
-0.397017853698837
-0.456316032750874
-0.507962142155671
-0.559608251560468
-0.611254360965265
-0.662900470370063
-0.71454657977486
-0.766192689179657
-0.817838798584454
-0.869484907989252
-0.921131017394049
-0.972777126798846
-0.969811564056235
-0.93954016523992
-0.909268766423605
-0.87899736760729
-0.848725968790975
-0.81845456997466
-0.788183171158345
-0.75791177234203
-0.727640373525715
-0.6973689747094
-0.667097575893085
-0.60677833054727
-0.522420807977855
-0.43806328540844
-0.353705762839023
-0.269348240269608
-0.184990717700193
-0.100633195130778
-0.0162756725613622
0.0680818500080531
0.152439372577468
0.236796895146885
0.310722509510712
0.371608238617554
0.432493967724397
0.493379696831239
0.554265425938082
0.615151155044925
0.676036884151767
0.73692261325861
0.797808342365452
0.858694071472295
0.919579800579137
0.953982245681154
0.935418122773519
0.916853999865883
0.898289876958248
0.879725754050612
0.861161631142977
0.842597508235341
0.824033385327705
0.80546926242007
0.786905139512434
0.768341016604799
0.735914208580267
0.654968002646594
0.574021796712922
0.493075590779248
0.412129384845576
0.331183178911903
0.250236972978231
0.169290767044558
0.0883445611108857
0.00739835517721243
-0.07354785075646
-0.153156336089374
-0.22206305661622
-0.290969777143065
-0.359876497669911
-0.428783218196756
-0.497689938723602
-0.566596659250448
-0.635503379777295
-0.70441010030414
-0.773316820830986
-0.842223541357831
