30 0.322949371103733 0.20825932025646
10030 0.0163542978980524 0.00616407622077508
20030 0.0116018438390135 0.000294515656337868
30030 0.0095054012289723 0.00726031925745874
40030 0.00817587782564687 0.00914429369973968
50030 0.00732477551100183 0.00547910335603952
60030 0.00672852936498193 0.00922550383133913
70030 0.00620800434964514 0.000938648163547384
80030 0.0058293621904148 0.0100169944619659
90030 0.00547492514135979 0.000817356466611852


30 0.182574185835055
10030 0.00998503366584589
20030 0.00706577046977205
30030 0.00577061810381118
40030 0.00499812605402875
50030 0.00447079491764972
60030 0.00408146266648584
70030 0.00377883506646127
80030 0.0035348711797113
90030 0.0033327779166281
