-10 -1
-9.9921875 -1
-9.984375 -1
-9.9765625 -1
-9.96875 -1
-9.9609375 -1
-9.953125 -1
-9.9453125 -1
-9.9375 -1
-9.9296875 -1
-9.921875 -1
-9.9140625 -1
-9.90625 -1
-9.8984375 -1
-9.890625 -1
-9.8828125 -1
-9.875 -1
-9.8671875 -1
-9.859375 -1
-9.8515625 -1
-9.84375 -1
-9.8359375 -1
-9.828125 -1
-9.8203125 -1
-9.8125 -1
-9.8046875 -1
-9.796875 -1
-9.7890625 -1
-9.78125 -1
-9.7734375 -1
-9.765625 -1
-9.7578125 -1
-9.75 -1
-9.7421875 -1
-9.734375 -1
-9.7265625 -1
-9.71875 -1
-9.7109375 -1
-9.703125 -1
-9.6953125 -1
-9.6875 -1
-9.6796875 -1
-9.671875 -1
-9.6640625 -1
-9.65625 -1
-9.6484375 -1
-9.640625 -1
-9.6328125 -1
-9.625 -1
-9.6171875 -1
-9.609375 -1
-9.6015625 -1
-9.59375 -1
-9.5859375 -1
-9.578125 -1
-9.5703125 -1
-9.5625 -1
-9.5546875 -1
-9.546875 -1
-9.5390625 -1
-9.53125 -1
-9.5234375 -1
-9.515625 -1
-9.5078125 -1
-9.5 -1
-9.4921875 -1
-9.484375 -1
-9.4765625 -1
-9.46875 -1
-9.4609375 -1
-9.453125 -1
-9.4453125 -1
-9.4375 -1
-9.4296875 -1
-9.421875 -1
-9.4140625 -1
-9.40625 -1
-9.3984375 -1
-9.390625 -1
-9.3828125 -1
-9.375 -1
-9.3671875 -1
-9.359375 -1
-9.3515625 -1
-9.34375 -1
-9.3359375 -1
-9.328125 -1
-9.3203125 -1
-9.3125 -1
-9.3046875 -1
-9.296875 -1
-9.2890625 -1
-9.28125 -1
-9.2734375 -1
-9.265625 -1
-9.2578125 -1
-9.25 -1
-9.2421875 -1
-9.234375 -1
-9.2265625 -1
-9.21875 -1
-9.2109375 -1
-9.203125 -1
-9.1953125 -1
-9.1875 -1
-9.1796875 -1
-9.171875 -1
-9.1640625 -1
-9.15625 -1
-9.1484375 -1
-9.140625 -1
-9.1328125 -1
-9.125 -1
-9.1171875 -1
-9.109375 -1
-9.1015625 -1
-9.09375 -1
-9.0859375 -1
-9.078125 -1
-9.0703125 -1
-9.0625 -1
-9.0546875 -1
-9.046875 -1
-9.0390625 -1
-9.03125 -1
-9.0234375 -1
-9.015625 -1
-9.0078125 -1
-9 -1
-8.9921875 -1
-8.984375 -1
-8.9765625 -1
-8.96875 -1
-8.9609375 -1
-8.953125 -1
-8.9453125 -1
-8.9375 -1
-8.9296875 -1
-8.921875 -1
-8.9140625 -1
-8.90625 -1
-8.8984375 -1
-8.890625 -1
-8.8828125 -1
-8.875 -1
-8.8671875 -1
-8.859375 -1
-8.8515625 -1
-8.84375 -1
-8.8359375 -1
-8.828125 -1
-8.8203125 -1
-8.8125 -1
-8.8046875 -1
-8.796875 -1
-8.7890625 -1
-8.78125 -1
-8.7734375 -1
-8.765625 -1
-8.7578125 -1
-8.75 -1
-8.7421875 -1
-8.734375 -1
-8.7265625 -1
-8.71875 -1
-8.7109375 -1
-8.703125 -1
-8.6953125 -1
-8.6875 -1
-8.6796875 -1
-8.671875 -1
-8.6640625 -1
-8.65625 -1
-8.6484375 -1
-8.640625 -1
-8.6328125 -1
-8.625 -1
-8.6171875 -1
-8.609375 -1
-8.6015625 -1
-8.59375 -1
-8.5859375 -1
-8.578125 -1
-8.5703125 -1
-8.5625 -1
-8.5546875 -1
-8.546875 -1
-8.5390625 -1
-8.53125 -1
-8.5234375 -1
-8.515625 -1
-8.5078125 -1
-8.5 -1
-8.4921875 -1
-8.484375 -1
-8.4765625 -1
-8.46875 -1
-8.4609375 -1
-8.453125 -1
-8.4453125 -1
-8.4375 -1
-8.4296875 -1
-8.421875 -1
-8.4140625 -1
-8.40625 -1
-8.3984375 -1
-8.390625 -1
-8.3828125 -1
-8.375 -1
-8.3671875 -1
-8.359375 -1
-8.3515625 -1
-8.34375 -1
-8.3359375 -1
-8.328125 -1
-8.3203125 -1
-8.3125 -1
-8.3046875 -1
-8.296875 -1
-8.2890625 -1
-8.28125 -1
-8.2734375 -1
-8.265625 -1
-8.2578125 -1
-8.25 -1
-8.2421875 -1
-8.234375 -1
-8.2265625 -1
-8.21875 -1
-8.2109375 -1
-8.203125 -1
-8.1953125 -1
-8.1875 -1
-8.1796875 -1
-8.171875 -1
-8.1640625 -1
-8.15625 -1
-8.1484375 -1
-8.140625 -1
-8.1328125 -1
-8.125 -1
-8.1171875 -1
-8.109375 -1
-8.1015625 -1
-8.09375 -1
-8.0859375 -1
-8.078125 -1
-8.0703125 -1
-8.0625 -1
-8.0546875 -1
-8.046875 -1
-8.0390625 -1
-8.03125 -1
-8.0234375 -1
-8.015625 -1
-8.0078125 -1
-8 -1
-7.9921875 -1
-7.984375 -1
-7.9765625 -1
-7.96875 -1
-7.9609375 -1
-7.953125 -1
-7.9453125 -1
-7.9375 -1
-7.9296875 -1
-7.921875 -1
-7.9140625 -1
-7.90625 -1
-7.8984375 -1
-7.890625 -1
-7.8828125 -1
-7.875 -1
-7.8671875 -1
-7.859375 -1
-7.8515625 -1
-7.84375 -1
-7.8359375 -1
-7.828125 -1
-7.8203125 -1
-7.8125 -1
-7.8046875 -1
-7.796875 -1
-7.7890625 -1
-7.78125 -1
-7.7734375 -1
-7.765625 -1
-7.7578125 -1
-7.75 -1
-7.7421875 -1
-7.734375 -1
-7.7265625 -1
-7.71875 -1
-7.7109375 -1
-7.703125 -1
-7.6953125 -1
-7.6875 -1
-7.6796875 -1
-7.671875 -1
-7.6640625 -1
-7.65625 -1
-7.6484375 -1
-7.640625 -1
-7.6328125 -1
-7.625 -1
-7.6171875 -1
-7.609375 -1
-7.6015625 -1
-7.59375 -1
-7.5859375 -1
-7.578125 -1
-7.5703125 -1
-7.5625 -1
-7.5546875 -1
-7.546875 -1
-7.5390625 -1
-7.53125 -1
-7.5234375 -1
-7.515625 -1
-7.5078125 -1
-7.5 -1
-7.4921875 -1
-7.484375 -1
-7.4765625 -1
-7.46875 -1
-7.4609375 -1
-7.453125 -1
-7.4453125 -1
-7.4375 -1
-7.4296875 -1
-7.421875 -1
-7.4140625 -1
-7.40625 -1
-7.3984375 -1
-7.390625 -1
-7.3828125 -1
-7.375 -1
-7.3671875 -1
-7.359375 -1
-7.3515625 -1
-7.34375 -1
-7.3359375 -1
-7.328125 -1
-7.3203125 -1
-7.3125 -1
-7.3046875 -1
-7.296875 -1
-7.2890625 -1
-7.28125 -1
-7.2734375 -1
-7.265625 -1
-7.2578125 -1
-7.25 -1
-7.2421875 -1
-7.234375 -1
-7.2265625 -1
-7.21875 -1
-7.2109375 -1
-7.203125 -1
-7.1953125 -1
-7.1875 -1
-7.1796875 -1
-7.171875 -1
-7.1640625 -1
-7.15625 -1
-7.1484375 -1
-7.140625 -1
-7.1328125 -1
-7.125 -1
-7.1171875 -1
-7.109375 -1
-7.1015625 -1
-7.09375 -1
-7.0859375 -1
-7.078125 -1
-7.0703125 -1
-7.0625 -1
-7.0546875 -1
-7.046875 -1
-7.0390625 -1
-7.03125 -1
-7.0234375 -1
-7.015625 -1
-7.0078125 -1
-7 -1
-6.9921875 -1
-6.984375 -1
-6.9765625 -1
-6.96875 -1
-6.9609375 -1
-6.953125 -1
-6.9453125 -1
-6.9375 -1
-6.9296875 -1
-6.921875 -1
-6.9140625 -1
-6.90625 -1
-6.8984375 -1
-6.890625 -1
-6.8828125 -1
-6.875 -1
-6.8671875 -1
-6.859375 -1
-6.8515625 -1
-6.84375 -1
-6.8359375 -1
-6.828125 -1
-6.8203125 -1
-6.8125 -1
-6.8046875 -1
-6.796875 -1
-6.7890625 -1
-6.78125 -1
-6.7734375 -1
-6.765625 -1
-6.7578125 -1
-6.75 -1
-6.7421875 -1
-6.734375 -1
-6.7265625 -1
-6.71875 -1
-6.7109375 -1
-6.703125 -1
-6.6953125 -1
-6.6875 -1
-6.6796875 -1
-6.671875 -1
-6.6640625 -1
-6.65625 -1
-6.6484375 -1
-6.640625 -1
-6.6328125 -1
-6.625 -1
-6.6171875 -1
-6.609375 -1
-6.6015625 -1
-6.59375 -1
-6.5859375 -1
-6.578125 -1
-6.5703125 -1
-6.5625 -1
-6.5546875 -1
-6.546875 -1
-6.5390625 -1
-6.53125 -1
-6.5234375 -1
-6.515625 -1
-6.5078125 -1
-6.5 -1
-6.4921875 -1
-6.484375 -1
-6.4765625 -1
-6.46875 -1
-6.4609375 -1
-6.453125 -1
-6.4453125 -1
-6.4375 -1
-6.4296875 -1
-6.421875 -1
-6.4140625 -1
-6.40625 -1
-6.3984375 -1
-6.390625 -1
-6.3828125 -1
-6.375 -1
-6.3671875 -1
-6.359375 -1
-6.3515625 -1
-6.34375 -1
-6.3359375 -1
-6.328125 -1
-6.3203125 -1
-6.3125 -1
-6.3046875 -1
-6.296875 -1
-6.2890625 -1
-6.28125 -1
-6.2734375 -1
-6.265625 -1
-6.2578125 -1
-6.25 -1
-6.2421875 -1
-6.234375 -1
-6.2265625 -1
-6.21875 -1
-6.2109375 -1
-6.203125 -1
-6.1953125 -1
-6.1875 -1
-6.1796875 -1
-6.171875 -1
-6.1640625 -1
-6.15625 -1
-6.1484375 -1
-6.140625 -1
-6.1328125 -1
-6.125 -1
-6.1171875 -1
-6.109375 -1
-6.1015625 -1
-6.09375 -1
-6.0859375 -1
-6.078125 -1
-6.0703125 -1
-6.0625 -1
-6.0546875 -1
-6.046875 -1
-6.0390625 -1
-6.03125 -1
-6.0234375 -1
-6.015625 -1
-6.0078125 -1
-6 -1
-5.9921875 -1
-5.984375 -1
-5.9765625 -1
-5.96875 -1
-5.9609375 -1
-5.953125 -1
-5.9453125 -1
-5.9375 -1
-5.9296875 -1
-5.921875 -1
-5.9140625 -1
-5.90625 -1
-5.8984375 -1
-5.890625 -1
-5.8828125 -1
-5.875 -1
-5.8671875 -1
-5.859375 -1
-5.8515625 -1
-5.84375 -1
-5.8359375 -1
-5.828125 -1
-5.8203125 -1
-5.8125 -1
-5.8046875 -1
-5.796875 -1
-5.7890625 -1
-5.78125 -1
-5.7734375 -1
-5.765625 -1
-5.7578125 -1
-5.75 -1
-5.7421875 -1
-5.734375 -1
-5.7265625 -1
-5.71875 -1
-5.7109375 -1
-5.703125 -1
-5.6953125 -1
-5.6875 -1
-5.6796875 -1
-5.671875 -1
-5.6640625 -1
-5.65625 -1
-5.6484375 -1
-5.640625 -1
-5.6328125 -1
-5.625 -1
-5.6171875 -1
-5.609375 -1
-5.6015625 -1
-5.59375 -1
-5.5859375 -1
-5.578125 -1
-5.5703125 -1
-5.5625 -1
-5.5546875 -1
-5.546875 -1
-5.5390625 -1
-5.53125 -1
-5.5234375 -1
-5.515625 -1
-5.5078125 -1
-5.5 -1
-5.4921875 -1
-5.484375 -1
-5.4765625 -1
-5.46875 -1
-5.4609375 -1
-5.453125 -1
-5.4453125 -1
-5.4375 -1
-5.4296875 -1
-5.421875 -1
-5.4140625 -1
-5.40625 -1
-5.3984375 -1
-5.390625 -1
-5.3828125 -1
-5.375 -1
-5.3671875 -1
-5.359375 -1
-5.3515625 -1
-5.34375 -1
-5.3359375 -1
-5.328125 -1
-5.3203125 -1
-5.3125 -1
-5.3046875 -1
-5.296875 -1
-5.2890625 -1
-5.28125 -1
-5.2734375 -1
-5.265625 -1
-5.2578125 -1
-5.25 -1
-5.2421875 -1
-5.234375 -1
-5.2265625 -1
-5.21875 -1
-5.2109375 -1
-5.203125 -1
-5.1953125 -1
-5.1875 -1
-5.1796875 -1
-5.171875 -1
-5.1640625 -1
-5.15625 -1
-5.1484375 -1
-5.140625 -1
-5.1328125 -1
-5.125 -1
-5.1171875 -1
-5.109375 -1
-5.1015625 -1
-5.09375 -1
-5.0859375 -1
-5.078125 -1
-5.0703125 -1
-5.0625 -1
-5.0546875 -1
-5.046875 -1
-5.0390625 -1
-5.03125 -1
-5.0234375 -1
-5.015625 -1
-5.0078125 -1
-5 -1
-4.9921875 -1
-4.984375 -1
-4.9765625 -1
-4.96875 -1
-4.9609375 -1
-4.953125 -1
-4.9453125 -1
-4.9375 -1
-4.9296875 -1
-4.921875 -1
-4.9140625 -1
-4.90625 -1
-4.8984375 -1
-4.890625 -1
-4.8828125 -1
-4.875 -1
-4.8671875 -1
-4.859375 -1
-4.8515625 -1
-4.84375 -1
-4.8359375 -1
-4.828125 -1
-4.8203125 -1
-4.8125 -1
-4.8046875 -1
-4.796875 -1
-4.7890625 -1
-4.78125 -1
-4.7734375 -1
-4.765625 -1
-4.7578125 -1
-4.75 -1
-4.7421875 -1
-4.734375 -1
-4.7265625 -1
-4.71875 -1
-4.7109375 -1
-4.703125 -1
-4.6953125 -1
-4.6875 -1
-4.6796875 -1
-4.671875 -0.999999999999999
-4.6640625 -0.999999999999999
-4.65625 -0.999999999999999
-4.6484375 -0.999999999999999
-4.640625 -0.999999999999999
-4.6328125 -0.999999999999999
-4.625 -0.999999999999999
-4.6171875 -0.999999999999999
-4.609375 -0.999999999999999
-4.6015625 -0.999999999999999
-4.59375 -0.999999999999998
-4.5859375 -0.999999999999998
-4.578125 -0.999999999999998
-4.5703125 -0.999999999999998
-4.5625 -0.999999999999998
-4.5546875 -0.999999999999997
-4.546875 -0.999999999999997
-4.5390625 -0.999999999999997
-4.53125 -0.999999999999996
-4.5234375 -0.999999999999996
-4.515625 -0.999999999999995
-4.5078125 -0.999999999999995
-4.5 -0.999999999999994
-4.4921875 -0.999999999999994
-4.484375 -0.999999999999993
-4.4765625 -0.999999999999992
-4.46875 -0.999999999999991
-4.4609375 -0.99999999999999
-4.453125 -0.999999999999989
-4.4453125 -0.999999999999988
-4.4375 -0.999999999999987
-4.4296875 -0.999999999999985
-4.421875 -0.999999999999984
-4.4140625 -0.999999999999982
-4.40625 -0.99999999999998
-4.3984375 -0.999999999999978
-4.390625 -0.999999999999975
-4.3828125 -0.999999999999972
-4.375 -0.999999999999969
-4.3671875 -0.999999999999966
-4.359375 -0.999999999999962
-4.3515625 -0.999999999999958
-4.34375 -0.999999999999954
-4.3359375 -0.999999999999949
-4.328125 -0.999999999999943
-4.3203125 -0.999999999999937
-4.3125 -0.999999999999931
-4.3046875 -0.999999999999923
-4.296875 -0.999999999999915
-4.2890625 -0.999999999999906
-4.28125 -0.999999999999896
-4.2734375 -0.999999999999885
-4.265625 -0.999999999999873
-4.2578125 -0.99999999999986
-4.25 -0.999999999999845
-4.2421875 -0.999999999999828
-4.234375 -0.99999999999981
-4.2265625 -0.999999999999791
-4.21875 -0.999999999999769
-4.2109375 -0.999999999999744
-4.203125 -0.999999999999718
-4.1953125 -0.999999999999688
-4.1875 -0.999999999999656
-4.1796875 -0.99999999999962
-4.171875 -0.999999999999581
-4.1640625 -0.999999999999538
-4.15625 -0.99999999999949
-4.1484375 -0.999999999999438
-4.140625 -0.99999999999938
-4.1328125 -0.999999999999316
-4.125 -0.999999999999246
-4.1171875 -0.999999999999169
-4.109375 -0.999999999999085
-4.1015625 -0.999999999998992
-4.09375 -0.999999999998889
-4.0859375 -0.999999999998777
-4.078125 -0.999999999998653
-4.0703125 -0.999999999998517
-4.0625 -0.999999999998368
-4.0546875 -0.999999999998204
-4.046875 -0.999999999998023
-4.0390625 -0.999999999997825
-4.03125 -0.999999999997608
-4.0234375 -0.999999999997369
-4.015625 -0.999999999997107
-4.0078125 -0.99999999999682
-4 -0.999999999996504
-3.9921875 -0.999999999996158
-3.984375 -0.999999999995778
-3.9765625 -0.999999999995362
-3.96875 -0.999999999994905
-3.9609375 -0.999999999994405
-3.953125 -0.999999999993856
-3.9453125 -0.999999999993255
-3.9375 -0.999999999992596
-3.9296875 -0.999999999991875
-3.921875 -0.999999999991084
-3.9140625 -0.999999999990219
-3.90625 -0.999999999989271
-3.8984375 -0.999999999988234
-3.890625 -0.999999999987098
-3.8828125 -0.999999999985856
-3.875 -0.999999999984496
-3.8671875 -0.999999999983009
-3.859375 -0.999999999981382
-3.8515625 -0.999999999979604
-3.84375 -0.999999999977659
-3.8359375 -0.999999999975533
-3.828125 -0.999999999973209
-3.8203125 -0.99999999997067
-3.8125 -0.999999999967896
-3.8046875 -0.999999999964866
-3.796875 -0.999999999961557
-3.7890625 -0.999999999957943
-3.78125 -0.999999999953998
-3.7734375 -0.999999999949691
-3.765625 -0.999999999944991
-3.7578125 -0.999999999939863
-3.75 -0.999999999934268
-3.7421875 -0.999999999928165
-3.734375 -0.999999999921509
-3.7265625 -0.999999999914251
-3.71875 -0.999999999906339
-3.7109375 -0.999999999897714
-3.703125 -0.999999999888316
-3.6953125 -0.999999999878075
-3.6875 -0.999999999866918
-3.6796875 -0.999999999854766
-3.671875 -0.999999999841532
-3.6640625 -0.999999999827123
-3.65625 -0.999999999811437
-3.6484375 -0.999999999794363
-3.640625 -0.999999999775783
-3.6328125 -0.999999999755567
-3.625 -0.999999999733575
-3.6171875 -0.999999999709656
-3.609375 -0.999999999683645
-3.6015625 -0.999999999655364
-3.59375 -0.999999999624621
-3.5859375 -0.999999999591208
-3.578125 -0.999999999554899
-3.5703125 -0.999999999515449
-3.5625 -0.999999999472596
-3.5546875 -0.999999999426054
-3.546875 -0.999999999375515
-3.5390625 -0.999999999320645
-3.53125 -0.999999999261084
-3.5234375 -0.999999999196441
-3.515625 -0.999999999126298
-3.5078125 -0.999999999050198
-3.5 -0.999999998967652
-3.4921875 -0.999999998878129
-3.484375 -0.999999998781057
-3.4765625 -0.999999998675818
-3.46875 -0.999999998561746
-3.4609375 -0.999999998438123
-3.453125 -0.999999998304171
-3.4453125 -0.999999998159055
-3.4375 -0.999999998001872
-3.4296875 -0.99999999783165
-3.421875 -0.999999997647339
-3.4140625 -0.999999997447812
-3.40625 -0.999999997231849
-3.3984375 -0.999999996998139
-3.390625 -0.99999999674527
-3.3828125 -0.99999999647172
-3.375 -0.999999996175851
-3.3671875 -0.9999999958559
-3.359375 -0.99999999550997
-3.3515625 -0.999999995136018
-3.34375 -0.999999994731848
-3.3359375 -0.999999994295096
-3.328125 -0.999999993823221
-3.3203125 -0.999999993313492
-3.3125 -0.99999999276297
-3.3046875 -0.999999992168498
-3.296875 -0.999999991526684
-3.2890625 -0.999999990833883
-3.28125 -0.99999999008618
-3.2734375 -0.999999989279369
-3.265625 -0.999999988408936
-3.2578125 -0.999999987470033
-3.25 -0.999999986457457
-3.2421875 -0.999999985365626
-3.234375 -0.999999984188548
-3.2265625 -0.999999982919797
-3.21875 -0.999999981552482
-3.2109375 -0.999999980079211
-3.203125 -0.999999978492062
-3.1953125 -0.999999976782542
-3.1875 -0.999999974941548
-3.1796875 -0.999999972959329
-3.171875 -0.999999970825438
-3.1640625 -0.999999968528686
-3.15625 -0.999999966057089
-3.1484375 -0.999999963397821
-3.140625 -0.999999960537149
-3.1328125 -0.999999957460377
-3.125 -0.99999995415178
-3.1171875 -0.999999950594536
-3.109375 -0.999999946770653
-3.1015625 -0.999999942660889
-3.09375 -0.999999938244671
-3.0859375 -0.99999993350001
-3.078125 -0.999999928403404
-3.0703125 -0.999999922929738
-3.0625 -0.999999917052184
-3.0546875 -0.999999910742086
-3.046875 -0.99999990396884
-3.0390625 -0.999999896699773
-3.03125 -0.999999888900006
-3.0234375 -0.999999880532313
-3.015625 -0.999999871556971
-3.0078125 -0.999999861931604
-3 -0.999999851611009
-2.9921875 -0.999999840546982
-2.984375 -0.999999828688125
-2.9765625 -0.99999981597965
-2.96875 -0.999999802363161
-2.9609375 -0.999999787776435
-2.953125 -0.999999772153179
-2.9453125 -0.999999755422782
-2.9375 -0.999999737510043
-2.9296875 -0.999999718334898
-2.921875 -0.999999697812111
-2.9140625 -0.999999675850968
-2.90625 -0.999999652354938
-2.8984375 -0.999999627221323
-2.890625 -0.999999600340885
-2.8828125 -0.999999571597454
-2.875 -0.999999540867509
-2.8671875 -0.999999508019746
-2.859375 -0.999999472914607
-2.8515625 -0.999999435403799
-2.84375 -0.999999395329773
-2.8359375 -0.999999352525183
-2.828125 -0.999999306812312
-2.8203125 -0.999999258002464
-2.8125 -0.999999205895331
-2.8046875 -0.99999915027832
-2.796875 -0.999999090925842
-2.7890625 -0.999999027598568
-2.78125 -0.999998960042643
-2.7734375 -0.999998887988861
-2.765625 -0.999998811151789
-2.7578125 -0.999998729228857
-2.75 -0.999998641899387
-2.7421875 -0.999998548823585
-2.734375 -0.999998449641467
-2.7265625 -0.999998343971746
-2.71875 -0.999998231410645
-2.7109375 -0.999998111530662
-2.703125 -0.999997983879266
-2.6953125 -0.99999784797753
-2.6875 -0.999997703318697
-2.6796875 -0.999997549366668
-2.671875 -0.999997385554422
-2.6640625 -0.999997211282355
-2.65625 -0.999997025916534
-2.6484375 -0.999996828786876
-2.640625 -0.999996619185223
-2.6328125 -0.99999639636334
-2.625 -0.999996159530805
-2.6171875 -0.999995907852803
-2.609375 -0.999995640447816
-2.6015625 -0.999995356385201
-2.59375 -0.999995054682653
-2.5859375 -0.999994734303556
-2.578125 -0.999994394154204
-2.5703125 -0.999994033080894
-2.5625 -0.99999364986689
-2.5546875 -0.999993243229246
-2.546875 -0.999992811815479
-2.5390625 -0.999992354200104
-2.53125 -0.999991868881001
-2.5234375 -0.999991354275627
-2.515625 -0.999990808717058
-2.5078125 -0.999990230449856
-2.5 -0.999989617625758
-2.4921875 -0.999988968299171
-2.484375 -0.999988280422482
-2.4765625 -0.999987551841154
-2.46875 -0.999986780288625
-2.4609375 -0.999985963380982
-2.453125 -0.999985098611414
-2.4453125 -0.999984183344433
-2.4375 -0.999983214809855
-2.4296875 -0.99998219009653
-2.421875 -0.999981106145818
-2.4140625 -0.999979959744798
-2.40625 -0.999978747519203
-2.3984375 -0.999977465926069
-2.390625 -0.999976111246098
-2.3828125 -0.999974679575708
-2.375 -0.999973166818784
-2.3671875 -0.999971568678094
-2.359375 -0.999969880646385
-2.3515625 -0.99996809799713
-2.34375 -0.999966215774925
-2.3359375 -0.999964228785523
-2.328125 -0.999962131585495
-2.3203125 -0.999959918471507
-2.3125 -0.999957583469201
-2.3046875 -0.999955120321669
-2.296875 -0.999952522477511
-2.2890625 -0.999949783078463
-2.28125 -0.999946894946582
-2.2734375 -0.999943850570981
-2.265625 -0.999940642094103
-2.2578125 -0.999937261297508
-2.25 -0.999933699587185
-2.2421875 -0.999929947978354
-2.234375 -0.999925997079762
-2.2265625 -0.999921837077448
-2.21875 -0.999917457717978
-2.2109375 -0.999912848291125
-2.203125 -0.999907997611992
-2.1953125 -0.999902894002562
-2.1875 -0.999897525272656
-2.1796875 -0.9998918787003
-2.171875 -0.999885941011479
-2.1640625 -0.99987969835927
-2.15625 -0.999873136302339
-2.1484375 -0.999866239782796
-2.140625 -0.999858993103389
-2.1328125 -0.999851379904031
-2.125 -0.99984338313765
-2.1171875 -0.99983498504534
-2.109375 -0.999826167130821
-2.1015625 -0.999816910134178
-2.09375 -0.999807194004878
-2.0859375 -0.999796997874067
-2.078125 -0.999786300026105
-2.0703125 -0.999775077869371
-2.0625 -0.99976330790629
-2.0546875 -0.999750965702612
-2.046875 -0.999738025855897
-2.0390625 -0.999724461963229
-2.03125 -0.999710246588141
-2.0234375 -0.999695351226742
-2.015625 -0.999679746273042
-2.0078125 -0.999663400983481
-2 -0.99964628344064
-1.9921875 -0.999628360516146
-1.984375 -0.999609597832766
-1.9765625 -0.999589959725674
-1.96875 -0.999569409202918
-1.9609375 -0.99954790790506
-1.953125 -0.999525416064007
-1.9453125 -0.99950189246103
-1.9375 -0.999477294383973
-1.9296875 -0.999451577583663
-1.921875 -0.999424696229514
-1.9140625 -0.999396602864351
-1.90625 -0.99936724835844
-1.8984375 -0.999336581862753
-1.890625 -0.99930455076147
-1.8828125 -0.99927110062372
-1.875 -0.999236175154604
-1.8671875 -0.999199716145477
-1.859375 -0.999161663423535
-1.8515625 -0.999121954800717
-1.84375 -0.999080526021932
-1.8359375 -0.999037310712642
-1.828125 -0.998992240325827
-1.8203125 -0.998945244088344
-1.8125 -0.998896248946722
-1.8046875 -0.998845179512403
-1.796875 -0.998791958006479
-1.7890625 -0.998736504203943
-1.78125 -0.998678735377491
-1.7734375 -0.998618566240914
-1.765625 -0.998555908892117
-1.7578125 -0.998490672755795
-1.75 -0.99842276452583
-1.7421875 -0.998352088107427
-1.734375 -0.99827854455905
-1.7265625 -0.998202032034207
-1.71875 -0.998122445723124
-1.7109375 -0.998039677794367
-1.703125 -0.997953617336467
-1.6953125 -0.997864150299604
-1.6875 -0.9977711594374
-1.6796875 -0.997674524248898
-1.671875 -0.99757412092077
-1.6640625 -0.997469822269841
-1.65625 -0.997361497685976
-1.6484375 -0.99724901307541
-1.640625 -0.997132230804592
-1.6328125 -0.997011009644616
-1.625 -0.996885204716303
-1.6171875 -0.996754667436038
-1.609375 -0.996619245462409
-1.6015625 -0.996478782643759
-1.59375 -0.99633311896671
-1.5859375 -0.996182090505763
-1.578125 -0.996025529374052
-1.5703125 -0.99586326367534
-1.5625 -0.995695117457353
-1.5546875 -0.995520910666545
-1.546875 -0.990946922458818
-1.5390625 -0.990673960968679
-1.53125 -0.990393851975868
-1.5234375 -0.990106443639888
-1.515625 -0.989811581966274
-1.5078125 -0.98950911080767
-1.5 -0.989198871866056
-1.4921875 -0.988880704696153
-1.484375 -0.988554446710039
-1.4765625 -0.988219933183028
-1.46875 -0.987876997260823
-1.4609375 -0.987525469967998
-1.453125 -0.987165180217837
-1.4453125 -0.986795954823564
-1.4375 -0.986417618511013
-1.4296875 -0.986029993932755
-1.421875 -0.985632901683741
-1.4140625 -0.985226160318486
-1.40625 -0.984809586369833
-1.3984375 -0.984382994369335
-1.390625 -0.983946196869306
-1.3828125 -0.983499004466558
-1.375 -0.983041225827878
-1.3671875 -0.982572667717286
-1.359375 -0.982093135025101
-1.3515625 -0.981602430798863
-1.34375 -0.981100356276158
-1.3359375 -0.980586710919361
-1.328125 -0.980061292452369
-1.3203125 -0.979523896899338
-1.3125 -0.978974318625481
-1.3046875 -0.978412350379953
-1.296875 -0.977837783340878
-1.2890625 -0.977250407162542
-1.28125 -0.97665001002481
-1.2734375 -0.97603637868479
-1.265625 -0.975409298530791
-1.2578125 -0.974768553638616
-1.25 -0.974113926830228
-1.2421875 -0.973445199734827
-1.234375 -0.972762152852373
-1.2265625 -0.972064565619602
-1.21875 -0.971352216478565
-1.2109375 -0.970624882947729
-1.203125 -0.969882341695679
-1.1953125 -0.969124368617457
-1.1875 -0.968350738913566
-1.1796875 -0.967561227171685
-1.171875 -0.96675560745112
-1.1640625 -0.965933653370024
-1.15625 -0.965095138195429
-1.1484375 -0.964239834936097
-1.140625 -0.96336751643825
-1.1328125 -0.96247795548418
-1.125 -0.961570924893777
-1.1171875 -0.960646197629007
-1.109375 -0.959703546901351
-1.1015625 -0.958742746282231
-1.09375 -0.957763569816446
-1.0859375 -0.956765792138634
-1.078125 -0.955749188592777
-1.0703125 -0.954713535354755
-1.0625 -0.953658609557978
-1.0546875 -0.952584189422079
-1.046875 -0.951490054384705
-1.0390625 -0.950375985236374
-1.03125 -0.949241764258437
-1.0234375 -0.948087175364105
-1.015625 -0.946912004242565
-1.0078125 -0.945716038506156
-1 -0.842729958487199
-0.9921875 -0.839459837824478
-0.984375 -0.836138716590334
-0.9765625 -0.832766207437336
-0.96875 -0.829341929651219
-0.9609375 -0.825865509396406
-0.953125 -0.822336579961865
-0.9453125 -0.818754782007142
-0.9375 -0.815119763808431
-0.9296875 -0.811431181504517
-0.921875 -0.807688699342446
-0.9140625 -0.803860610391527
-0.90625 -0.8000105091283
-0.8984375 -0.796105521968814
-0.890625 -0.792145348365831
-0.8828125 -0.788129697110073
-0.875 -0.78405828657033
-0.8671875 -0.779930844932159
-0.859375 -0.775747110435021
-0.8515625 -0.77150683160767
-0.84375 -0.767209767501643
-0.8359375 -0.762855687922666
-0.828125 -0.758444373659812
-0.8203125 -0.753975616712244
-0.8125 -0.749449220513359
-0.8046875 -0.744865000152175
-0.796875 -0.740222782591776
-0.7890625 -0.73552240688466
-0.78125 -0.730763724384795
-0.7734375 -0.725946598956235
-0.765625 -0.72107090717811
-0.7578125 -0.716136538545825
-0.75 -0.711143395668304
-0.7421875 -0.706091394461094
-0.734375 -0.700980464335183
-0.7265625 -0.695810548381348
-0.71875 -0.690581603549886
-0.7109375 -0.685293600825543
-0.703125 -0.679946525397499
-0.6953125 -0.674540376824245
-0.6875 -0.669075169193181
-0.6796875 -0.663550931274806
-0.671875 -0.657967706671322
-0.6640625 -0.652325553959511
-0.65625 -0.646624546827747
-0.6484375 -0.640864774206983
-0.640625 -0.63504634039558
-0.6328125 -0.629169365177836
-0.625 -0.623233983936084
-0.6171875 -0.617240347756219
-0.609375 -0.611188623526532
-0.6015625 -0.605078994029731
-0.59375 -0.598911658028008
-0.5859375 -0.592686830341067
-0.578125 -0.586404741916959
-0.5703125 -0.580065639895662
-0.5625 -0.573669787665262
-0.5546875 -0.567217464910655
-0.546875 -0.560708967654676
-0.5390625 -0.554144608291553
-0.53125 -0.547524715612613
-0.5234375 -0.540849634824147
-0.515625 -0.534119727557375
-0.5078125 -0.52728614346925
-0.5 -0.520450833623745
-0.4921875 -0.513561749813628
-0.484375 -0.506619320574875
-0.4765625 -0.499623991077007
-0.46875 -0.492576223064889
-0.4609375 -0.48547649479252
-0.453125 -0.478325300948814
-0.4453125 -0.471123152575366
-0.4375 -0.463870576976204
-0.4296875 -0.456568117619543
-0.421875 -0.449216334031543
-0.4140625 -0.441815801682093
-0.40625 -0.434367111862655
-0.3984375 -0.426870871556173
-0.390625 -0.419327703299112
-0.3828125 -0.411738245035638
-0.375 -0.404103149963997
-0.3671875 -0.396423086375145
-0.359375 -0.388698737483675
-0.3515625 -0.380930801251108
-0.34375 -0.37311999020161
-0.3359375 -0.365267031230205
-0.328125 -0.35737266540356
-0.3203125 -0.349437647753426
-0.3125 -0.341462747062812
-0.3046875 -0.333448745644995
-0.296875 -0.325396439115446
-0.2890625 -0.317306636156787
-0.28125 -0.309180158276875
-0.2734375 -0.301017839560129
-0.265625 -0.292820526412204
-0.2578125 -0.284589077298148
-0.25 -0.27632436247415
-0.2421875 -0.268027263713022
-0.234375 -0.259698674023525
-0.2265625 -0.251339497363713
-0.21875 -0.242950648348391
-0.2109375 -0.234533051950877
-0.203125 -0.226087643199181
-0.1953125 -0.217615366866781
-0.1875 -0.209117177158133
-0.1796875 -0.2005940373891
-0.171875 -0.192046919662431
-0.1640625 -0.1834768045385
-0.15625 -0.174884680701437
-0.1484375 -0.166271544620853
-0.140625 -0.157638400209329
-0.1328125 -0.148986258475844
-0.125 -0.140316137175334
-0.1171875 -0.13162906045457
-0.109375 -0.122926058494539
-0.1015625 -0.11420816714952
-0.09375 -0.105476427583058
-0.0859375 -0.0967318859010223
-0.078125 -0.0879755927819543
-0.0703125 -0.0792086031049071
-0.0625 -0.0704319755749729
-0.0546875 -0.061646772346709
-0.046875 -0.0528540586456656
-0.0390625 -0.0440549023882231
-0.03125 -0.0352503737999481
-0.0234375 -0.0264415450326762
-0.015625 -0.0176294897805344
-0.0078125 -0.00881528289511331
0 0
0.0078125 0.00881528289511331
0.015625 0.0176294897805344
0.0234375 0.0264415450326762
0.03125 0.0352503737999481
0.0390625 0.0440549023882231
0.046875 0.0528540586456656
0.0546875 0.061646772346709
0.0625 0.0704319755749729
0.0703125 0.0792086031049071
0.078125 0.0879755927819543
0.0859375 0.0967318859010223
0.09375 0.105476427583058
0.1015625 0.11420816714952
0.109375 0.122926058494539
0.1171875 0.13162906045457
0.125 0.140316137175334
0.1328125 0.148986258475844
0.140625 0.157638400209329
0.1484375 0.166271544620853
0.15625 0.174884680701437
0.1640625 0.1834768045385
0.171875 0.192046919662431
0.1796875 0.2005940373891
0.1875 0.209117177158133
0.1953125 0.217615366866781
0.203125 0.226087643199181
0.2109375 0.234533051950877
0.21875 0.242950648348391
0.2265625 0.251339497363713
0.234375 0.259698674023525
0.2421875 0.268027263713022
0.25 0.27632436247415
0.2578125 0.284589077298148
0.265625 0.292820526412204
0.2734375 0.301017839560129
0.28125 0.309180158276875
0.2890625 0.317306636156787
0.296875 0.325396439115446
0.3046875 0.333448745644995
0.3125 0.341462747062812
0.3203125 0.349437647753426
0.328125 0.35737266540356
0.3359375 0.365267031230205
0.34375 0.37311999020161
0.3515625 0.380930801251108
0.359375 0.388698737483675
0.3671875 0.396423086375145
0.375 0.404103149963997
0.3828125 0.411738245035638
0.390625 0.419327703299112
0.3984375 0.426870871556173
0.40625 0.434367111862655
0.4140625 0.441815801682093
0.421875 0.449216334031543
0.4296875 0.456568117619543
0.4375 0.463870576976204
0.4453125 0.471123152575366
0.453125 0.478325300948814
0.4609375 0.48547649479252
0.46875 0.492576223064889
0.4765625 0.499623991077007
0.484375 0.506619320574875
0.4921875 0.513561749813628
0.5 0.520450833623745
0.5078125 0.52728614346925
0.515625 0.534119727557375
0.5234375 0.540849634824147
0.53125 0.547524715612613
0.5390625 0.554144608291553
0.546875 0.560708967654676
0.5546875 0.567217464910655
0.5625 0.573669787665262
0.5703125 0.580065639895662
0.578125 0.586404741916959
0.5859375 0.592686830341067
0.59375 0.598911658028008
0.6015625 0.605078994029731
0.609375 0.611188623526532
0.6171875 0.617240347756219
0.625 0.623233983936084
0.6328125 0.629169365177836
0.640625 0.63504634039558
0.6484375 0.640864774206983
0.65625 0.646624546827747
0.6640625 0.652325553959511
0.671875 0.657967706671322
0.6796875 0.663550931274806
0.6875 0.669075169193181
0.6953125 0.674540376824245
0.703125 0.679946525397499
0.7109375 0.685293600825543
0.71875 0.690581603549886
0.7265625 0.695810548381348
0.734375 0.700980464335183
0.7421875 0.706091394461094
0.75 0.711143395668304
0.7578125 0.716136538545825
0.765625 0.72107090717811
0.7734375 0.725946598956235
0.78125 0.730763724384795
0.7890625 0.73552240688466
0.796875 0.740222782591776
0.8046875 0.744865000152175
0.8125 0.749449220513359
0.8203125 0.753975616712244
0.828125 0.758444373659812
0.8359375 0.762855687922666
0.84375 0.767209767501643
0.8515625 0.77150683160767
0.859375 0.775747110435021
0.8671875 0.779930844932159
0.875 0.78405828657033
0.8828125 0.788129697110073
0.890625 0.792145348365831
0.8984375 0.796105521968814
0.90625 0.8000105091283
0.9140625 0.803860610391527
0.921875 0.807688699342446
0.9296875 0.811431181504517
0.9375 0.815119763808431
0.9453125 0.818754782007142
0.953125 0.822336579961865
0.9609375 0.825865509396406
0.96875 0.829341929651219
0.9765625 0.832766207437336
0.984375 0.836138716590334
0.9921875 0.839459837824478
1 0.842729958487199
1.0078125 0.945716038506156
1.015625 0.946912004242565
1.0234375 0.948087175364105
1.03125 0.949241764258437
1.0390625 0.950375985236374
1.046875 0.951490054384705
1.0546875 0.952584189422079
1.0625 0.953658609557978
1.0703125 0.954713535354755
1.078125 0.955749188592777
1.0859375 0.956765792138634
1.09375 0.957763569816446
1.1015625 0.958742746282231
1.109375 0.959703546901351
1.1171875 0.960646197629007
1.125 0.961570924893777
1.1328125 0.96247795548418
1.140625 0.96336751643825
1.1484375 0.964239834936097
1.15625 0.965095138195429
1.1640625 0.965933653370024
1.171875 0.96675560745112
1.1796875 0.967561227171685
1.1875 0.968350738913566
1.1953125 0.969124368617457
1.203125 0.969882341695679
1.2109375 0.970624882947729
1.21875 0.971352216478565
1.2265625 0.972064565619602
1.234375 0.972762152852373
1.2421875 0.973445199734827
1.25 0.974113926830228
1.2578125 0.974768553638616
1.265625 0.975409298530791
1.2734375 0.97603637868479
1.28125 0.97665001002481
1.2890625 0.977250407162542
1.296875 0.977837783340878
1.3046875 0.978412350379953
1.3125 0.978974318625481
1.3203125 0.979523896899338
1.328125 0.980061292452369
1.3359375 0.980586710919361
1.34375 0.981100356276158
1.3515625 0.981602430798863
1.359375 0.982093135025101
1.3671875 0.982572667717286
1.375 0.983041225827878
1.3828125 0.983499004466558
1.390625 0.983946196869306
1.3984375 0.984382994369335
1.40625 0.984809586369833
1.4140625 0.985226160318486
1.421875 0.985632901683741
1.4296875 0.986029993932755
1.4375 0.986417618511013
1.4453125 0.986795954823564
1.453125 0.987165180217837
1.4609375 0.987525469967998
1.46875 0.987876997260823
1.4765625 0.988219933183028
1.484375 0.988554446710039
1.4921875 0.988880704696153
1.5 0.989198871866056
1.5078125 0.98950911080767
1.515625 0.989811581966274
1.5234375 0.990106443639888
1.53125 0.990393851975868
1.5390625 0.990673960968679
1.546875 0.990946922458818
1.5546875 0.995520910666545
1.5625 0.995695117457353
1.5703125 0.99586326367534
1.578125 0.996025529374052
1.5859375 0.996182090505763
1.59375 0.99633311896671
1.6015625 0.996478782643759
1.609375 0.996619245462409
1.6171875 0.996754667436038
1.625 0.996885204716303
1.6328125 0.997011009644616
1.640625 0.997132230804592
1.6484375 0.99724901307541
1.65625 0.997361497685976
1.6640625 0.997469822269841
1.671875 0.99757412092077
1.6796875 0.997674524248898
1.6875 0.9977711594374
1.6953125 0.997864150299604
1.703125 0.997953617336467
1.7109375 0.998039677794367
1.71875 0.998122445723124
1.7265625 0.998202032034207
1.734375 0.99827854455905
1.7421875 0.998352088107427
1.75 0.99842276452583
1.7578125 0.998490672755795
1.765625 0.998555908892117
1.7734375 0.998618566240914
1.78125 0.998678735377491
1.7890625 0.998736504203943
1.796875 0.998791958006479
1.8046875 0.998845179512403
1.8125 0.998896248946722
1.8203125 0.998945244088344
1.828125 0.998992240325827
1.8359375 0.999037310712642
1.84375 0.999080526021932
1.8515625 0.999121954800717
1.859375 0.999161663423535
1.8671875 0.999199716145477
1.875 0.999236175154604
1.8828125 0.99927110062372
1.890625 0.99930455076147
1.8984375 0.999336581862753
1.90625 0.99936724835844
1.9140625 0.999396602864351
1.921875 0.999424696229514
1.9296875 0.999451577583663
1.9375 0.999477294383973
1.9453125 0.99950189246103
1.953125 0.999525416064007
1.9609375 0.99954790790506
1.96875 0.999569409202918
1.9765625 0.999589959725674
1.984375 0.999609597832766
1.9921875 0.999628360516146
2 0.99964628344064
2.0078125 0.999663400983481
2.015625 0.999679746273042
2.0234375 0.999695351226742
2.03125 0.999710246588141
2.0390625 0.999724461963229
2.046875 0.999738025855897
2.0546875 0.999750965702612
2.0625 0.99976330790629
2.0703125 0.999775077869371
2.078125 0.999786300026105
2.0859375 0.999796997874067
2.09375 0.999807194004878
2.1015625 0.999816910134178
2.109375 0.999826167130821
2.1171875 0.99983498504534
2.125 0.99984338313765
2.1328125 0.999851379904031
2.140625 0.999858993103389
2.1484375 0.999866239782796
2.15625 0.999873136302339
2.1640625 0.99987969835927
2.171875 0.999885941011479
2.1796875 0.9998918787003
2.1875 0.999897525272656
2.1953125 0.999902894002562
2.203125 0.999907997611992
2.2109375 0.999912848291125
2.21875 0.999917457717978
2.2265625 0.999921837077448
2.234375 0.999925997079762
2.2421875 0.999929947978354
2.25 0.999933699587185
2.2578125 0.999937261297508
2.265625 0.999940642094103
2.2734375 0.999943850570981
2.28125 0.999946894946582
2.2890625 0.999949783078463
2.296875 0.999952522477511
2.3046875 0.999955120321669
2.3125 0.999957583469201
2.3203125 0.999959918471507
2.328125 0.999962131585495
2.3359375 0.999964228785523
2.34375 0.999966215774925
2.3515625 0.99996809799713
2.359375 0.999969880646385
2.3671875 0.999971568678094
2.375 0.999973166818784
2.3828125 0.999974679575708
2.390625 0.999976111246098
2.3984375 0.999977465926069
2.40625 0.999978747519203
2.4140625 0.999979959744798
2.421875 0.999981106145818
2.4296875 0.99998219009653
2.4375 0.999983214809855
2.4453125 0.999984183344433
2.453125 0.999985098611414
2.4609375 0.999985963380982
2.46875 0.999986780288625
2.4765625 0.999987551841154
2.484375 0.999988280422482
2.4921875 0.999988968299171
2.5 0.999989617625758
2.5078125 0.999990230449856
2.515625 0.999990808717058
2.5234375 0.999991354275627
2.53125 0.999991868881001
2.5390625 0.999992354200104
2.546875 0.999992811815479
2.5546875 0.999993243229246
2.5625 0.99999364986689
2.5703125 0.999994033080894
2.578125 0.999994394154204
2.5859375 0.999994734303556
2.59375 0.999995054682653
2.6015625 0.999995356385201
2.609375 0.999995640447816
2.6171875 0.999995907852803
2.625 0.999996159530805
2.6328125 0.99999639636334
2.640625 0.999996619185223
2.6484375 0.999996828786876
2.65625 0.999997025916534
2.6640625 0.999997211282355
2.671875 0.999997385554422
2.6796875 0.999997549366668
2.6875 0.999997703318697
2.6953125 0.99999784797753
2.703125 0.999997983879266
2.7109375 0.999998111530662
2.71875 0.999998231410645
2.7265625 0.999998343971746
2.734375 0.999998449641467
2.7421875 0.999998548823585
2.75 0.999998641899387
2.7578125 0.999998729228857
2.765625 0.999998811151789
2.7734375 0.999998887988861
2.78125 0.999998960042643
2.7890625 0.999999027598568
2.796875 0.999999090925842
2.8046875 0.99999915027832
2.8125 0.999999205895331
2.8203125 0.999999258002464
2.828125 0.999999306812312
2.8359375 0.999999352525183
2.84375 0.999999395329773
2.8515625 0.999999435403799
2.859375 0.999999472914607
2.8671875 0.999999508019746
2.875 0.999999540867509
2.8828125 0.999999571597454
2.890625 0.999999600340885
2.8984375 0.999999627221323
2.90625 0.999999652354938
2.9140625 0.999999675850968
2.921875 0.999999697812111
2.9296875 0.999999718334898
2.9375 0.999999737510043
2.9453125 0.999999755422782
2.953125 0.999999772153179
2.9609375 0.999999787776435
2.96875 0.999999802363161
2.9765625 0.99999981597965
2.984375 0.999999828688125
2.9921875 0.999999840546982
3 0.999999851611009
3.0078125 0.999999861931604
3.015625 0.999999871556971
3.0234375 0.999999880532313
3.03125 0.999999888900006
3.0390625 0.999999896699773
3.046875 0.99999990396884
3.0546875 0.999999910742086
3.0625 0.999999917052184
3.0703125 0.999999922929738
3.078125 0.999999928403404
3.0859375 0.99999993350001
3.09375 0.999999938244671
3.1015625 0.999999942660889
3.109375 0.999999946770653
3.1171875 0.999999950594536
3.125 0.99999995415178
3.1328125 0.999999957460377
3.140625 0.999999960537149
3.1484375 0.999999963397821
3.15625 0.999999966057089
3.1640625 0.999999968528686
3.171875 0.999999970825438
3.1796875 0.999999972959329
3.1875 0.999999974941548
3.1953125 0.999999976782542
3.203125 0.999999978492062
3.2109375 0.999999980079211
3.21875 0.999999981552482
3.2265625 0.999999982919797
3.234375 0.999999984188548
3.2421875 0.999999985365626
3.25 0.999999986457457
3.2578125 0.999999987470033
3.265625 0.999999988408936
3.2734375 0.999999989279369
3.28125 0.99999999008618
3.2890625 0.999999990833883
3.296875 0.999999991526684
3.3046875 0.999999992168498
3.3125 0.99999999276297
3.3203125 0.999999993313492
3.328125 0.999999993823221
3.3359375 0.999999994295096
3.34375 0.999999994731848
3.3515625 0.999999995136018
3.359375 0.99999999550997
3.3671875 0.9999999958559
3.375 0.999999996175851
3.3828125 0.99999999647172
3.390625 0.99999999674527
3.3984375 0.999999996998139
3.40625 0.999999997231849
3.4140625 0.999999997447812
3.421875 0.999999997647339
3.4296875 0.99999999783165
3.4375 0.999999998001872
3.4453125 0.999999998159055
3.453125 0.999999998304171
3.4609375 0.999999998438123
3.46875 0.999999998561746
3.4765625 0.999999998675818
3.484375 0.999999998781057
3.4921875 0.999999998878129
3.5 0.999999998967652
3.5078125 0.999999999050198
3.515625 0.999999999126298
3.5234375 0.999999999196441
3.53125 0.999999999261084
3.5390625 0.999999999320645
3.546875 0.999999999375515
3.5546875 0.999999999426054
3.5625 0.999999999472596
3.5703125 0.999999999515449
3.578125 0.999999999554899
3.5859375 0.999999999591208
3.59375 0.999999999624621
3.6015625 0.999999999655364
3.609375 0.999999999683645
3.6171875 0.999999999709656
3.625 0.999999999733575
3.6328125 0.999999999755567
3.640625 0.999999999775783
3.6484375 0.999999999794363
3.65625 0.999999999811437
3.6640625 0.999999999827123
3.671875 0.999999999841532
3.6796875 0.999999999854766
3.6875 0.999999999866918
3.6953125 0.999999999878075
3.703125 0.999999999888316
3.7109375 0.999999999897714
3.71875 0.999999999906339
3.7265625 0.999999999914251
3.734375 0.999999999921509
3.7421875 0.999999999928165
3.75 0.999999999934268
3.7578125 0.999999999939863
3.765625 0.999999999944991
3.7734375 0.999999999949691
3.78125 0.999999999953998
3.7890625 0.999999999957943
3.796875 0.999999999961557
3.8046875 0.999999999964866
3.8125 0.999999999967896
3.8203125 0.99999999997067
3.828125 0.999999999973209
3.8359375 0.999999999975533
3.84375 0.999999999977659
3.8515625 0.999999999979604
3.859375 0.999999999981382
3.8671875 0.999999999983009
3.875 0.999999999984496
3.8828125 0.999999999985856
3.890625 0.999999999987098
3.8984375 0.999999999988234
3.90625 0.999999999989271
3.9140625 0.999999999990219
3.921875 0.999999999991084
3.9296875 0.999999999991875
3.9375 0.999999999992596
3.9453125 0.999999999993255
3.953125 0.999999999993856
3.9609375 0.999999999994405
3.96875 0.999999999994905
3.9765625 0.999999999995362
3.984375 0.999999999995778
3.9921875 0.999999999996158
4 0.999999999996504
4.0078125 0.99999999999682
4.015625 0.999999999997107
4.0234375 0.999999999997369
4.03125 0.999999999997608
4.0390625 0.999999999997825
4.046875 0.999999999998023
4.0546875 0.999999999998204
4.0625 0.999999999998368
4.0703125 0.999999999998517
4.078125 0.999999999998653
4.0859375 0.999999999998777
4.09375 0.999999999998889
4.1015625 0.999999999998992
4.109375 0.999999999999085
4.1171875 0.999999999999169
4.125 0.999999999999246
4.1328125 0.999999999999316
4.140625 0.99999999999938
4.1484375 0.999999999999438
4.15625 0.99999999999949
4.1640625 0.999999999999538
4.171875 0.999999999999581
4.1796875 0.99999999999962
4.1875 0.999999999999656
4.1953125 0.999999999999688
4.203125 0.999999999999718
4.2109375 0.999999999999744
4.21875 0.999999999999769
4.2265625 0.999999999999791
4.234375 0.99999999999981
4.2421875 0.999999999999828
4.25 0.999999999999845
4.2578125 0.99999999999986
4.265625 0.999999999999873
4.2734375 0.999999999999885
4.28125 0.999999999999896
4.2890625 0.999999999999906
4.296875 0.999999999999915
4.3046875 0.999999999999923
4.3125 0.999999999999931
4.3203125 0.999999999999937
4.328125 0.999999999999943
4.3359375 0.999999999999949
4.34375 0.999999999999954
4.3515625 0.999999999999958
4.359375 0.999999999999962
4.3671875 0.999999999999966
4.375 0.999999999999969
4.3828125 0.999999999999972
4.390625 0.999999999999975
4.3984375 0.999999999999978
4.40625 0.99999999999998
4.4140625 0.999999999999982
4.421875 0.999999999999984
4.4296875 0.999999999999985
4.4375 0.999999999999987
4.4453125 0.999999999999988
4.453125 0.999999999999989
4.4609375 0.99999999999999
4.46875 0.999999999999991
4.4765625 0.999999999999992
4.484375 0.999999999999993
4.4921875 0.999999999999994
4.5 0.999999999999994
4.5078125 0.999999999999995
4.515625 0.999999999999995
4.5234375 0.999999999999996
4.53125 0.999999999999996
4.5390625 0.999999999999997
4.546875 0.999999999999997
4.5546875 0.999999999999997
4.5625 0.999999999999998
4.5703125 0.999999999999998
4.578125 0.999999999999998
4.5859375 0.999999999999998
4.59375 0.999999999999998
4.6015625 0.999999999999999
4.609375 0.999999999999999
4.6171875 0.999999999999999
4.625 0.999999999999999
4.6328125 0.999999999999999
4.640625 0.999999999999999
4.6484375 0.999999999999999
4.65625 0.999999999999999
4.6640625 0.999999999999999
4.671875 0.999999999999999
4.6796875 1
4.6875 1
4.6953125 1
4.703125 1
4.7109375 1
4.71875 1
4.7265625 1
4.734375 1
4.7421875 1
4.75 1
4.7578125 1
4.765625 1
4.7734375 1
4.78125 1
4.7890625 1
4.796875 1
4.8046875 1
4.8125 1
4.8203125 1
4.828125 1
4.8359375 1
4.84375 1
4.8515625 1
4.859375 1
4.8671875 1
4.875 1
4.8828125 1
4.890625 1
4.8984375 1
4.90625 1
4.9140625 1
4.921875 1
4.9296875 1
4.9375 1
4.9453125 1
4.953125 1
4.9609375 1
4.96875 1
4.9765625 1
4.984375 1
4.9921875 1
5 1
5.0078125 1
5.015625 1
5.0234375 1
5.03125 1
5.0390625 1
5.046875 1
5.0546875 1
5.0625 1
5.0703125 1
5.078125 1
5.0859375 1
5.09375 1
5.1015625 1
5.109375 1
5.1171875 1
5.125 1
5.1328125 1
5.140625 1
5.1484375 1
5.15625 1
5.1640625 1
5.171875 1
5.1796875 1
5.1875 1
5.1953125 1
5.203125 1
5.2109375 1
5.21875 1
5.2265625 1
5.234375 1
5.2421875 1
5.25 1
5.2578125 1
5.265625 1
5.2734375 1
5.28125 1
5.2890625 1
5.296875 1
5.3046875 1
5.3125 1
5.3203125 1
5.328125 1
5.3359375 1
5.34375 1
5.3515625 1
5.359375 1
5.3671875 1
5.375 1
5.3828125 1
5.390625 1
5.3984375 1
5.40625 1
5.4140625 1
5.421875 1
5.4296875 1
5.4375 1
5.4453125 1
5.453125 1
5.4609375 1
5.46875 1
5.4765625 1
5.484375 1
5.4921875 1
5.5 1
5.5078125 1
5.515625 1
5.5234375 1
5.53125 1
5.5390625 1
5.546875 1
5.5546875 1
5.5625 1
5.5703125 1
5.578125 1
5.5859375 1
5.59375 1
5.6015625 1
5.609375 1
5.6171875 1
5.625 1
5.6328125 1
5.640625 1
5.6484375 1
5.65625 1
5.6640625 1
5.671875 1
5.6796875 1
5.6875 1
5.6953125 1
5.703125 1
5.7109375 1
5.71875 1
5.7265625 1
5.734375 1
5.7421875 1
5.75 1
5.7578125 1
5.765625 1
5.7734375 1
5.78125 1
5.7890625 1
5.796875 1
5.8046875 1
5.8125 1
5.8203125 1
5.828125 1
5.8359375 1
5.84375 1
5.8515625 1
5.859375 1
5.8671875 1
5.875 1
5.8828125 1
5.890625 1
5.8984375 1
5.90625 1
5.9140625 1
5.921875 1
5.9296875 1
5.9375 1
5.9453125 1
5.953125 1
5.9609375 1
5.96875 1
5.9765625 1
5.984375 1
5.9921875 1
6 1
6.0078125 1
6.015625 1
6.0234375 1
6.03125 1
6.0390625 1
6.046875 1
6.0546875 1
6.0625 1
6.0703125 1
6.078125 1
6.0859375 1
6.09375 1
6.1015625 1
6.109375 1
6.1171875 1
6.125 1
6.1328125 1
6.140625 1
6.1484375 1
6.15625 1
6.1640625 1
6.171875 1
6.1796875 1
6.1875 1
6.1953125 1
6.203125 1
6.2109375 1
6.21875 1
6.2265625 1
6.234375 1
6.2421875 1
6.25 1
6.2578125 1
6.265625 1
6.2734375 1
6.28125 1
6.2890625 1
6.296875 1
6.3046875 1
6.3125 1
6.3203125 1
6.328125 1
6.3359375 1
6.34375 1
6.3515625 1
6.359375 1
6.3671875 1
6.375 1
6.3828125 1
6.390625 1
6.3984375 1
6.40625 1
6.4140625 1
6.421875 1
6.4296875 1
6.4375 1
6.4453125 1
6.453125 1
6.4609375 1
6.46875 1
6.4765625 1
6.484375 1
6.4921875 1
6.5 1
6.5078125 1
6.515625 1
6.5234375 1
6.53125 1
6.5390625 1
6.546875 1
6.5546875 1
6.5625 1
6.5703125 1
6.578125 1
6.5859375 1
6.59375 1
6.6015625 1
6.609375 1
6.6171875 1
6.625 1
6.6328125 1
6.640625 1
6.6484375 1
6.65625 1
6.6640625 1
6.671875 1
6.6796875 1
6.6875 1
6.6953125 1
6.703125 1
6.7109375 1
6.71875 1
6.7265625 1
6.734375 1
6.7421875 1
6.75 1
6.7578125 1
6.765625 1
6.7734375 1
6.78125 1
6.7890625 1
6.796875 1
6.8046875 1
6.8125 1
6.8203125 1
6.828125 1
6.8359375 1
6.84375 1
6.8515625 1
6.859375 1
6.8671875 1
6.875 1
6.8828125 1
6.890625 1
6.8984375 1
6.90625 1
6.9140625 1
6.921875 1
6.9296875 1
6.9375 1
6.9453125 1
6.953125 1
6.9609375 1
6.96875 1
6.9765625 1
6.984375 1
6.9921875 1
7 1
7.0078125 1
7.015625 1
7.0234375 1
7.03125 1
7.0390625 1
7.046875 1
7.0546875 1
7.0625 1
7.0703125 1
7.078125 1
7.0859375 1
7.09375 1
7.1015625 1
7.109375 1
7.1171875 1
7.125 1
7.1328125 1
7.140625 1
7.1484375 1
7.15625 1
7.1640625 1
7.171875 1
7.1796875 1
7.1875 1
7.1953125 1
7.203125 1
7.2109375 1
7.21875 1
7.2265625 1
7.234375 1
7.2421875 1
7.25 1
7.2578125 1
7.265625 1
7.2734375 1
7.28125 1
7.2890625 1
7.296875 1
7.3046875 1
7.3125 1
7.3203125 1
7.328125 1
7.3359375 1
7.34375 1
7.3515625 1
7.359375 1
7.3671875 1
7.375 1
7.3828125 1
7.390625 1
7.3984375 1
7.40625 1
7.4140625 1
7.421875 1
7.4296875 1
7.4375 1
7.4453125 1
7.453125 1
7.4609375 1
7.46875 1
7.4765625 1
7.484375 1
7.4921875 1
7.5 1
7.5078125 1
7.515625 1
7.5234375 1
7.53125 1
7.5390625 1
7.546875 1
7.5546875 1
7.5625 1
7.5703125 1
7.578125 1
7.5859375 1
7.59375 1
7.6015625 1
7.609375 1
7.6171875 1
7.625 1
7.6328125 1
7.640625 1
7.6484375 1
7.65625 1
7.6640625 1
7.671875 1
7.6796875 1
7.6875 1
7.6953125 1
7.703125 1
7.7109375 1
7.71875 1
7.7265625 1
7.734375 1
7.7421875 1
7.75 1
7.7578125 1
7.765625 1
7.7734375 1
7.78125 1
7.7890625 1
7.796875 1
7.8046875 1
7.8125 1
7.8203125 1
7.828125 1
7.8359375 1
7.84375 1
7.8515625 1
7.859375 1
7.8671875 1
7.875 1
7.8828125 1
7.890625 1
7.8984375 1
7.90625 1
7.9140625 1
7.921875 1
7.9296875 1
7.9375 1
7.9453125 1
7.953125 1
7.9609375 1
7.96875 1
7.9765625 1
7.984375 1
7.9921875 1
8 1
8.0078125 1
8.015625 1
8.0234375 1
8.03125 1
8.0390625 1
8.046875 1
8.0546875 1
8.0625 1
8.0703125 1
8.078125 1
8.0859375 1
8.09375 1
8.1015625 1
8.109375 1
8.1171875 1
8.125 1
8.1328125 1
8.140625 1
8.1484375 1
8.15625 1
8.1640625 1
8.171875 1
8.1796875 1
8.1875 1
8.1953125 1
8.203125 1
8.2109375 1
8.21875 1
8.2265625 1
8.234375 1
8.2421875 1
8.25 1
8.2578125 1
8.265625 1
8.2734375 1
8.28125 1
8.2890625 1
8.296875 1
8.3046875 1
8.3125 1
8.3203125 1
8.328125 1
8.3359375 1
8.34375 1
8.3515625 1
8.359375 1
8.3671875 1
8.375 1
8.3828125 1
8.390625 1
8.3984375 1
8.40625 1
8.4140625 1
8.421875 1
8.4296875 1
8.4375 1
8.4453125 1
8.453125 1
8.4609375 1
8.46875 1
8.4765625 1
8.484375 1
8.4921875 1
8.5 1
8.5078125 1
8.515625 1
8.5234375 1
8.53125 1
8.5390625 1
8.546875 1
8.5546875 1
8.5625 1
8.5703125 1
8.578125 1
8.5859375 1
8.59375 1
8.6015625 1
8.609375 1
8.6171875 1
8.625 1
8.6328125 1
8.640625 1
8.6484375 1
8.65625 1
8.6640625 1
8.671875 1
8.6796875 1
8.6875 1
8.6953125 1
8.703125 1
8.7109375 1
8.71875 1
8.7265625 1
8.734375 1
8.7421875 1
8.75 1
8.7578125 1
8.765625 1
8.7734375 1
8.78125 1
8.7890625 1
8.796875 1
8.8046875 1
8.8125 1
8.8203125 1
8.828125 1
8.8359375 1
8.84375 1
8.8515625 1
8.859375 1
8.8671875 1
8.875 1
8.8828125 1
8.890625 1
8.8984375 1
8.90625 1
8.9140625 1
8.921875 1
8.9296875 1
8.9375 1
8.9453125 1
8.953125 1
8.9609375 1
8.96875 1
8.9765625 1
8.984375 1
8.9921875 1
9 1
9.0078125 1
9.015625 1
9.0234375 1
9.03125 1
9.0390625 1
9.046875 1
9.0546875 1
9.0625 1
9.0703125 1
9.078125 1
9.0859375 1
9.09375 1
9.1015625 1
9.109375 1
9.1171875 1
9.125 1
9.1328125 1
9.140625 1
9.1484375 1
9.15625 1
9.1640625 1
9.171875 1
9.1796875 1
9.1875 1
9.1953125 1
9.203125 1
9.2109375 1
9.21875 1
9.2265625 1
9.234375 1
9.2421875 1
9.25 1
9.2578125 1
9.265625 1
9.2734375 1
9.28125 1
9.2890625 1
9.296875 1
9.3046875 1
9.3125 1
9.3203125 1
9.328125 1
9.3359375 1
9.34375 1
9.3515625 1
9.359375 1
9.3671875 1
9.375 1
9.3828125 1
9.390625 1
9.3984375 1
9.40625 1
9.4140625 1
9.421875 1
9.4296875 1
9.4375 1
9.4453125 1
9.453125 1
9.4609375 1
9.46875 1
9.4765625 1
9.484375 1
9.4921875 1
9.5 1
9.5078125 1
9.515625 1
9.5234375 1
9.53125 1
9.5390625 1
9.546875 1
9.5546875 1
9.5625 1
9.5703125 1
9.578125 1
9.5859375 1
9.59375 1
9.6015625 1
9.609375 1
9.6171875 1
9.625 1
9.6328125 1
9.640625 1
9.6484375 1
9.65625 1
9.6640625 1
9.671875 1
9.6796875 1
9.6875 1
9.6953125 1
9.703125 1
9.7109375 1
9.71875 1
9.7265625 1
9.734375 1
9.7421875 1
9.75 1
9.7578125 1
9.765625 1
9.7734375 1
9.78125 1
9.7890625 1
9.796875 1
9.8046875 1
9.8125 1
9.8203125 1
9.828125 1
9.8359375 1
9.84375 1
9.8515625 1
9.859375 1
9.8671875 1
9.875 1
9.8828125 1
9.890625 1
9.8984375 1
9.90625 1
9.9140625 1
9.921875 1
9.9296875 1
9.9375 1
9.9453125 1
9.953125 1
9.9609375 1
9.96875 1
9.9765625 1
9.984375 1
9.9921875 1


