0.01 -0.500024158571889
0.02 -0.500029218304733
0.03 -0.500061418242076
0.04 -0.500132324443414
0.05 -0.500242261349093
0.06 -0.500414347471432
0.07 -0.500646076820084
0.08 -0.50095994206265
0.09 -0.501353926008399
0.1 -0.50184629095941
0.11 -0.502447006479182
0.12 -0.503160457781676
0.13 -0.504008472327829
0.14 -0.504989782980881
0.15 -0.506126967108416
0.16 -0.507422968279866
0.17 -0.508895105107829
0.18 -0.510560336977062
0.19 -0.512426749258052
0.2 -0.514514612358899
0.21 -0.516837272014231
0.22 -0.51941376399697
0.23 -0.522264224219646
0.24 -0.525408305386684
0.25 -0.52886841627383
0.26 -0.53276057047416
0.27 -0.536918702985782
0.28 -0.541467389665753
0.29 -0.546456833749997
0.3 -0.551900805889262
0.31 -0.557856279754887
0.32 -0.564347001654409
0.33 -0.571439057161496
0.34 -0.579162457343757
0.35 -0.587590854985664
0.36 -0.596767677797358
0.37 -0.606778457858025
0.38 -0.617686199738583
0.39 -0.629575863869694
0.4 -0.642538424297368
0.41 -0.656679100813922
0.42 -0.672107419363037
0.43 -0.688989386633714
0.44 -0.707357116258308
0.45 -0.727425690417925
0.46 -0.749363394287074
0.47 -0.773352279770626
0.48 -0.79959911832211
0.49 -0.828331656588306
0.5 -0.859803459923372
0.51 -0.894317132821515
0.52 -0.93213697127815
0.53 -0.973644813504045
0.54 -1.01923330373711
0.55 -1.06933401256709
0.56 -1.1244403412433
0.57 -1.18510423845798
0.58 -1.25193045820854
0.59 -1.32562619843635
0.6 -1.40698032700458
0.61 -1.49688878115802
0.62 -1.59636480466485
0.63 -1.70657489596292
0.64 -1.82885067378039
0.65 -1.96472348277603
0.66 -2.11596411854903
0.67 -2.28462553368044
0.68 -2.47309346843762
0.69 -2.6841506351315


2 -0.128800659318794
2.1 -0.189751690597645
2.2 -0.2437376551175
2.3 -0.274014350658447
2.4 -0.308523853797121
2.5 -0.338929167922399
2.6 -0.367164287702275
2.7 -0.380231758072097
2.8 -0.398094185627332
2.9 -0.414423513779287
3 -0.424353277256938
3.1 -0.43523009746359
3.2 -0.444919015653154
3.3 -0.454350596843089
3.4 -0.458698742384275
3.5 -0.464627448374736
3.6 -0.470204590892015
3.7 -0.476071440043401
3.8 -0.477385248436744
3.9 -0.480766339527652
4 -0.48414720204653
4.1 -0.485614739644149
4.2 -0.48769779538317
4.3 -0.489674228793572
4.4 -0.491844462539906
4.5 -0.492204129186874
4.6 -0.49338874525373
4.7 -0.4945961189123
4.8 -0.496077228012254
4.9 -0.495822985598579
5 -0.496516942597737
5.1 -0.497302136459786
5.2 -0.497397364955406
5.3 -0.497807669632055
5.4 -0.498217412304944
5.5 -0.498766187184336
5.6 -0.498646185958853
5.7 -0.498873013074311
5.8 -0.499137802625344
5.9 -0.499530796457407
5.99999999999999 -0.499312567441587
6.09999999999999 -0.499443901850532
6.19999999999999 -0.499630321052415
6.29999999999999 -0.499940322492771
6.39999999999999 -0.499664339726411
6.49999999999999 -0.499750447892722
6.59999999999999 -0.499881587127779
6.69999999999999 -0.499811953751175
6.79999999999999 -0.499851806923844
6.89999999999999 -0.499905074138392
6.99999999999999 -0.500000237160077
7.09999999999999 -0.499924974686859
7.19999999999999 -0.499948944162658
7.29999999999999 -0.49999121440962
7.39999999999999 -0.500062846580554
7.49999999999999 -0.499982770596186
7.59999999999999 -0.499999397572624
7.69999999999999 -0.500021148646549
7.79999999999999 -0.5000803320017
7.89999999999999 -0.500012241907577
7.99999999999999 -0.500024158578745
8.09999999999999 -0.500043290767179
8.19999999999999 -0.500086222320682
8.29999999999999 -0.500025792570265
8.39999999999999 -0.500035346318316
8.49999999999999 -0.50005036507257
8.59999999999999 -0.500082379100195
8.69999999999999 -0.500033318422234
8.79999999999998 -0.500040139938726
8.89999999999998 -0.500051929518826
8.99999999999998 -0.500072621500631
9.09999999999998 -0.500036822474727
9.19999999999998 -0.500041293605227
9.29999999999998 -0.500050385643083
9.39999999999998 -0.500035488657933
9.49999999999998 -0.50003701857645
9.59999999999998 -0.500040872449696
9.69999999999998 -0.500046339821535
9.79999999999998 -0.500035758493551
9.89999999999998 -0.500037021457059
9.99999999999998 -0.500039930166119


0.01 -0.500024158571889
0.31 -0.504074220822563
0.61 -0.506726878066438
0.91 -0.508667889544165
1.21 -0.511496139092276
1.51 -0.513425043431094
1.81 -0.515729275108701
2.11 -0.516395339664479
2.41 -0.519031513165361
2.71 -0.521128916965267
3.01 -0.522834319878286
3.31 -0.524080384166905
3.61 -0.525092802240644
3.91 -0.525775139541878
4.21 -0.525801563078842
4.51 -0.527061200996803
4.81 -0.52831862056614


0.01 -0.500024158571889
0.31 -0.502692826016102
0.61 -0.503985278840703
0.91 -0.505264589271354
1.21 -0.506505274724675
1.51 -0.507739225246945
1.81 -0.508858688247568
2.11 -0.509979733637761
2.41 -0.511042615035638
2.71 -0.51209123131205
3.01 -0.513071029425398
3.31 -0.514042187430033
3.61 -0.515025775292624
3.91 -0.515865129792425
4.21 -0.51643049282323
4.51 -0.517040110278159
4.81 -0.517547245840483
