-10 -1 706952660.378036
-9.984375 -1 1.83039559982813E-05
-9.96875 -1 9.5056517567615E-06
-9.953125 -1 6.58714123659018E-06
-9.9375 -1 5.13930989325484E-06
-9.921875 -1 4.28038433121182E-06
-9.90625 -1 3.71648530858367E-06
-9.890625 -1 3.32170712450289E-06
-9.875 -1 3.03313784790467E-06
-9.859375 -1 2.81586644452826E-06
-9.84375 -1 2.64898601956062E-06
-9.828125 -1 2.51923205987421E-06
-9.8125 -1 2.41780197747673E-06
-9.796875 -1 2.3386430008289E-06
-9.78125 -1 2.27747429947428E-06
-9.765625 -1 2.23120076437424E-06
-9.75 -1 2.19754716537905E-06
-9.734375 -1 2.17482202043515E-06
-9.71875 -1 2.16176081984554E-06
-9.703125 -1 2.15741946648824E-06
-9.6875 -1 2.16110046545421E-06
-9.671875 -1 2.17230106998537E-06
-9.65625 -1 2.19067653798149E-06
-9.640625 -1 2.21601406086807E-06
-9.625 -1 2.24821443703025E-06
-9.609375 -1 2.28727953557137E-06
-9.59375 -1 2.33330424107963E-06
-9.578125 -1 2.38647201027631E-06
-9.5625 -1 2.44705348274107E-06
-9.546875 -1 2.51540781828295E-06
-9.53125 -1 2.59198661439402E-06
-9.515625 -1 2.67734041030582E-06
-9.5 -1 2.77212792564062E-06
-9.484375 -1 2.87712832486677E-06
-9.46875 -1 2.9932569562716E-06
-9.453125 -1 3.1215851993615E-06
-9.4375 -1 3.26336528348163E-06
-9.421875 -1 3.42006123364328E-06
-9.40625 -1 3.59338748507211E-06
-9.390625 -1 3.78535722523208E-06
-9.375 -1 3.99834322776698E-06
-9.359375 -1 4.23515492029028E-06
-9.34375 -1 4.49913680187676E-06
-9.328125 -1 4.79429528610681E-06
-9.3125 -1 5.12546388529237E-06
-9.296875 -1 5.49852083466024E-06
-9.28125 -1 5.92067952853239E-06
-9.265625 -1 6.40088173376312E-06
-9.25 -1 6.95033853414231E-06
-9.234375 -1 7.58328794021844E-06
-9.21875 -1 8.31807749532297E-06
-9.203125 -1 9.17874687881764E-06
-9.1875 -1 1.01974021801744E-05
-9.171875 -1 1.1417885649268E-05
-9.15625 -1 1.29016477785628E-05
-9.140625 -1 1.47375346735547E-05
-9.125 -1 1.70589166320353E-05
-9.109375 -1 2.00754991999847E-05
-9.09375 -1 2.41369463407806E-05
-9.078125 -1 2.98728527884893E-05
-9.0625 -1 3.85426768186566E-05
-9.046875 -1 5.3085541323641E-05
-9.03125 -1 8.2319442680026E-05
-9.015625 -1 0.000170335722913318
-9 -1 -7855029578.9743
-8.984375 -1 -0.00018275356112149
-8.96875 -1 -9.4759466186248E-05
-8.953125 -1 -6.5562640285215E-05
-8.9375 -1 -5.10718921937377E-05
-8.921875 -1 -4.24694383949185E-05
-8.90625 -1 -3.68164326832206E-05
-8.890625 -1 -3.28537596138875E-05
-8.875 -1 -2.99522363268087E-05
-8.859375 -1 -2.77626833001782E-05
-8.84375 -1 -2.60759561998627E-05
-8.828125 -1 -2.47593276553439E-05
-8.8125 -1 -2.37246819686736E-05
-8.796875 -1 -2.29113932117833E-05
-8.78125 -1 -2.22765455535857E-05
-8.765625 -1 -2.1789070025647E-05
-8.75 -1 -2.14260849230354E-05
-8.734375 -1 -2.11705331655918E-05
-8.71875 -1 -2.10096130283861E-05
-8.703125 -1 -2.09337108216194E-05
-8.6875 -1 -2.09356608205071E-05
-8.671875 -1 -2.10102244734741E-05
-8.65625 -1 -2.11537203830992E-05
-8.640625 -1 -2.13637606199928E-05
-8.625 -1 -2.16390640222907E-05
-8.609375 -1 -2.19793268546656E-05
-8.59375 -1 -2.23851376322811E-05
-8.578125 -1 -2.28579272949806E-05
-8.5625 -1 -2.33999490026473E-05
-8.546875 -1 -2.4014284091759E-05
-8.53125 -1 -2.47048724979748E-05
-8.515625 -1 -2.54765674246045E-05
-8.5 -1 -2.63352153799711E-05
-8.484375 -1 -2.72877640465131E-05
-8.46875 -1 -2.8342401899431E-05
-8.453125 -1 -2.95087351872811E-05
-8.4375 -1 -3.07980099677611E-05
-8.421875 -1 -3.22233895465339E-05
-8.40625 -1 -3.3800301148789E-05
-8.390625 -1 -3.55468703177635E-05
-8.375 -1 -3.7484467892928E-05
-8.359375 -1 -3.96384032236655E-05
-8.34375 -1 -4.20388096441213E-05
-8.328125 -1 -4.47217858785219E-05
-8.3125 -1 -4.77308826072158E-05
-8.296875 -1 -5.11190610744238E-05
-8.28125 -1 -5.49513070800693E-05
-8.265625 -1 -5.93081700387457E-05
-8.25 -1 -6.4290631686362E-05
-8.234375 -1 -7.00269248429998E-05
-8.21875 -1 -7.66822772085876E-05
-8.203125 -1 -8.44731552012298E-05
-8.1875 -1 -9.36886329022794E-05
-8.171875 -1 -0.000104723420359166
-8.15625 -1 -0.00011813071295062
-8.140625 -1 -0.000134710278426057
-8.125 -1 -0.00015566261490979
-8.109375 -1 -0.000182875251287049
-8.09375 -1 -0.00021949535671028
-8.078125 -1 -0.000271189492873117
-8.0625 -1 -0.000349293010168286
-8.046875 -1 -0.000480258258744005
-8.03125 -1 -0.000743447469958358
-8.015625 -1 -0.00153568300867932
-8 -1 79532174842.2007
-7.984375 -1 0.00164192652570089
-7.96875 -1 0.000849873962357913
-7.953125 -1 0.000586990513803566
-7.9375 -1 0.000456455036481531
-7.921875 -1 0.000378907020679663
-7.90625 -1 0.000327896353584934
-7.890625 -1 0.000292090456567219
-7.875 -1 0.000265826097400427
-7.859375 -1 0.000245960022362517
-7.84375 -1 0.000230609237642536
-7.828125 -1 0.000218578439457332
-7.8125 -1 0.000209073759848936
-7.796875 -1 0.000201548662159906
-7.78125 -1 0.000195615915642424
-7.765625 -1 0.000190994816943562
-7.75 -1 0.00018747824307656
-7.734375 -1 0.000184911375618216
-7.71875 -1 0.000183177563591241
-7.703125 -1 0.000182188701994406
-7.6875 -1 0.000181878553378155
-7.671875 -1 0.000182198040355908
-7.65625 -1 0.000183111892066202
-7.640625 -1 0.000184596244107125
-7.625 -1 0.000186636927192257
-7.609375 -1 0.000189228267139386
-7.59375 -1 0.000192372276527416
-7.578125 -1 0.000196078157577256
-7.5625 -1 0.000200362063335167
-7.546875 -1 0.000205247084346753
-7.53125 -1 0.000210763443498347
-7.515625 -1 0.000216948894475148
-7.5 -1 0.000223849330729754
-7.484375 -1 0.000231519623082134
-7.46875 -1 0.000240024716085806
-7.453125 -1 0.000249441027129986
-7.4375 -1 0.000259858209102984
-7.421875 -1 0.000271381358837215
-7.40625 -1 0.000284133781532007
-7.390625 -1 0.000298260458759984
-7.375 -1 0.000313932418603272
-7.359375 -1 0.000331352276947829
-7.34375 -1 0.000350761317968137
-7.328125 -1 0.000372448623019565
-7.3125 -1 0.000396762961672482
-7.296875 -1 0.00042412845985186
-7.28125 -1 0.000455065511756824
-7.265625 -1 0.000490219092976507
-7.25 -1 0.000530397711412486
-7.234375 -1 0.000576627959254077
-7.21875 -1 0.000630232465808079
-7.203125 -1 0.000692943851260088
-7.1875 -1 0.000767075681887413
-7.171875 -1 0.000855786700747562
-7.15625 -1 0.000963503627503493
-7.140625 -1 0.00109662586031212
-7.125 -1 0.00126475874614204
-7.109375 -1 0.00148300399090591
-7.09375 -1 0.00177654054337383
-7.078125 -1 0.00219070262211565
-7.0625 -1 0.00281617489448181
-7.046875 -1 0.00386457817583066
-7.03125 -1 0.00597081249310306
-7.015625 -1 0.0123094591164451
-7 -1 -727151312842.978
-6.984375 -1 -0.0131097571036431
-6.96875 -1 -0.00677243313753963
-6.953125 -1 -0.00466840893009399
-6.9375 -1 -0.00362311185207216
-6.921875 -1 -0.00300165405444671
-6.90625 -1 -0.00259243054553088
-6.890625 -1 -0.00230477625885071
-6.875 -1 -0.00209338051702836
-6.859375 -1 -0.0019330920507554
-6.84375 -1 -0.00180884120775864
-6.828125 -1 -0.00171105934637693
-6.8125 -1 -0.00163338874881982
-6.796875 -1 -0.00157144972527802
-6.78125 -1 -0.00152213634359261
-6.765625 -1 -0.00148319412532735
-6.75 -1 -0.00145295638384334
-6.734375 -1 -0.00143017392079714
-6.71875 -1 -0.00141390181896989
-6.703125 -1 -0.00140342234505066
-6.6875 -1 -0.00139819137909457
-6.671875 -1 -0.00139780059085548
-6.65625 -1 -0.00140195042363186
-6.640625 -1 -0.001410430677631
-6.625 -1 -0.00142310656984096
-6.609375 -1 -0.00143990884526377
-6.59375 -1 -0.00146082697488007
-6.578125 -1 -0.00148590478789014
-6.5625 -1 -0.0015152381039722
-6.546875 -1 -0.0015489740896794
-6.53125 -1 -0.00158731218384693
-6.515625 -1 -0.00163050653503978
-6.5 -1 -0.00167886998047316
-6.484375 -1 -0.00173277967900535
-6.46875 -1 -0.00179268459826587
-6.453125 -1 -0.00185911515532818
-6.4375 -1 -0.00193269543020344
-6.421875 -1 -0.00201415852261996
-6.40625 -1 -0.00210436581947143
-6.390625 -1 -0.00220433120302301
-6.375 -1 -0.00231525158719913
-6.359375 -1 -0.00243854566316293
-6.34375 -1 -0.00257590342882851
-6.328125 -1 -0.00272935006556525
-6.3125 -1 -0.00290132915723002
-6.296875 -1 -0.00309481235548154
-6.28125 -1 -0.00331344575747938
-6.265625 -1 -0.00356174809740743
-6.25 -1 -0.00384538340774053
-6.234375 -1 -0.00417154289272871
-6.21875 -1 -0.00454949061255207
-6.203125 -1 -0.00499136117860782
-6.1875 -1 -0.00551335646356578
-6.171875 -1 -0.00613759524442392
-6.15625 -1 -0.00689507283432187
-6.140625 -1 -0.00783059403379123
-6.125 -1 -0.00901140606626204
-6.109375 -1 -0.0105432314978467
-6.09375 -1 -0.0126023344795581
-6.078125 -1 -0.0155060669971623
-6.0625 -1 -0.0198892351922777
-6.046875 -1 -0.0272331993328067
-6.03125 -1 -0.0419822753421308
-6.015625 -1 -0.0863585491138102
-6 -1 5938402388217.65
-5.984375 -1 0.0915634597707574
-5.96875 -1 0.0471953934272293
-5.953125 -1 0.0324600308420598
-5.9375 -1 0.0251353384737506
-5.921875 -1 0.0207770741581233
-5.90625 -1 0.0179039734550727
-5.890625 -1 0.0158813489086432
-5.875 -1 0.01439199105457
-5.859375 -1 0.0132598032856504
-5.84375 -1 0.0123792570155982
-5.828125 -1 0.01168332709948
-5.8125 -1 0.011127460851335
-5.796875 -1 0.010680947351499
-5.78125 -1 0.0103219870799874
-5.765625 -1 0.0100347352541678
-5.75 -1 0.00980745559094252
-5.734375 -0.999999999999999 0.00963132749786823
-5.71875 -0.999999999999999 0.00949965284620396
-5.703125 -0.999999999999999 0.00940731540666771
-5.6875 -0.999999999999999 0.00935040484769492
-5.671875 -0.999999999999999 0.00932595081711394
-5.65625 -0.999999999999999 0.00933173250729957
-5.640625 -0.999999999999998 0.00936614121864337
-5.625 -0.999999999999998 0.00942808102519637
-5.609375 -0.999999999999998 0.00951689752416522
-5.59375 -0.999999999999997 0.00963232786561543
-5.578125 -0.999999999999997 0.00977446743283984
-5.5625 -0.999999999999996 0.00994375005731758
-5.546875 -0.999999999999996 0.0101409397433698
-5.53125 -0.999999999999995 0.0103671327007503
-5.515625 -0.999999999999994 0.0106237691423686
-5.5 -0.999999999999993 0.0109126548730755
-5.484375 -0.999999999999991 0.0112359932310503
-5.46875 -0.999999999999989 0.0115964284950323
-5.453125 -0.999999999999987 0.0119971024867271
-5.4375 -0.999999999999985 0.0124417268319347
-5.421875 -0.999999999999982 0.01293467426245
-5.40625 -0.999999999999979 0.0134810935309888
-5.390625 -0.999999999999975 0.0140870540943189
-5.375 -0.99999999999997 0.0147597288683944
-5.359375 -0.999999999999965 0.0155076263266768
-5.34375 -0.999999999999958 0.0163408873766308
-5.328125 -0.999999999999951 0.0172716683836551
-5.3125 -0.999999999999942 0.0183146403050145
-5.296875 -0.999999999999931 0.0194876465509228
-5.28125 -0.999999999999918 0.0208125811641673
-5.265625 -0.999999999999904 0.0223165779228184
-5.25 -0.999999999999886 0.0240336462983783
-5.234375 -0.999999999999865 0.0260069627218556
-5.21875 -0.999999999999841 0.0282921447468082
-5.203125 -0.999999999999812 0.0309620373110516
-5.1875 -0.999999999999779 0.0341138931183132
-5.171875 -0.999999999999739 0.0378804706491789
-5.15625 -0.999999999999692 0.042447792136294
-5.140625 -0.999999999999638 0.0480847414887492
-5.125 -0.999999999999573 0.055194862155855
-5.109375 -0.999999999999498 0.0644125549321573
-5.09375 -0.99999999999941 0.076795475734807
-5.078125 -0.999999999999306 0.0942478134671279
-5.0625 -0.999999999999184 0.120578488353184
-5.046875 -0.999999999999042 0.164675752215567
-5.03125 -0.999999999998875 0.253205598157226
-5.015625 -0.99999999999868 0.519500647012782
-5 -0.999999999998452 -42756497195167.1
-4.984375 -0.999999999998186 -0.547950079565647
-4.96875 -0.999999999997874 -0.281697504518775
-4.953125 -0.99999999999751 -0.19323862110664
-4.9375 -0.999999999997085 -0.149241072187894
-4.921875 -0.99999999999659 -0.123039236030138
-4.90625 -0.999999999996012 -0.105745343219022
-4.890625 -0.999999999995338 -0.0935510709149763
-4.875 -0.999999999994553 -0.0845529474455985
-4.859375 -0.999999999993639 -0.0776941598768576
-4.84375 -0.999999999992576 -0.0723412831849018
-4.828125 -0.999999999991338 -0.0680918907516568
-4.8125 -0.999999999989899 -0.0646783661983849
-4.796875 -0.999999999988227 -0.0619161166782209
-4.78125 -0.999999999986285 -0.0596739878061773
-4.765625 -0.999999999984029 -0.0578565204498115
-4.75 -0.999999999981412 -0.0563928696479195
-4.734375 -0.999999999978376 -0.0552296436205881
-4.71875 -0.999999999974856 -0.0543261397142289
-4.703125 -0.999999999970777 -0.0536510956786517
-4.6875 -0.999999999966053 -0.0531804275712649
-4.671875 -0.999999999960583 -0.0528956272908181
-4.65625 -0.999999999954255 -0.0527826119944132
-4.640625 -0.999999999946936 -0.0528308903114103
-4.625 -0.999999999938475 -0.0530329557667296
-4.609375 -0.999999999928699 -0.0533838470496143
-4.59375 -0.99999999991741 -0.0538808339982863
-4.578125 -0.999999999904378 -0.0545232011488097
-4.5625 -0.999999999889343 -0.055312109693829
-4.546875 -0.999999999872005 -0.0562505251390045
-4.53125 -0.999999999852022 -0.0573432027510249
-4.515625 -0.999999999829 -0.0585967266758767
-4.5 -0.999999999802491 -0.0600196018019154
-4.484375 -0.999999999771982 -0.0616224003765416
-4.46875 -0.999999999736885 -0.063417968332208
-4.453125 -0.99999999969653 -0.0654216994979339
-4.4375 -0.999999999650154 -0.0676518896486447
-4.421875 -0.999999999596882 -0.0701301870167212
-4.40625 -0.99999999953572 -0.0728821619019084
-4.390625 -0.999999999465534 -0.0759380259771879
-4.375 -0.99999999938503 -0.0793335426676201
-4.359375 -0.999999999292738 -0.0831111848445333
-4.34375 -0.999999999186983 -0.0873216169188711
-4.328125 -0.99999999906586 -0.0920256081066622
-4.3125 -0.999999998927203 -0.0972965266203896
-4.296875 -0.999999998768552 -0.103223627824419
-4.28125 -0.999999998587112 -0.109916444273259
-4.265625 -0.999999998379711 -0.117510730624841
-4.25 -0.999999998142749 -0.126176643066486
-4.234375 -0.999999997872146 -0.136130195497213
-4.21875 -0.999999997563277 -0.147649630397406
-4.203125 -0.999999997210901 -0.161099350384066
-4.1875 -0.999999996809087 -0.17696582055125
-4.171875 -0.999999996351122 -0.195913059138722
-4.15625 -0.999999995829414 -0.218871428202765
-4.140625 -0.99999999523538 -0.247185624215602
-4.125 -0.999999994559324 -0.282873668548755
-4.109375 -0.999999993790296 -0.329107897856491
-4.09375 -0.999999992915935 -0.391176954524171
-4.078125 -0.999999991922301 -0.478602177762759
-4.0625 -0.999999990793674 -0.610428597287992
-4.046875 -0.999999989512338 -0.831097936962939
-4.03125 -0.99999998805834 -1.27394066572854
-4.015625 -0.99999998640922 -2.60562043267348
-4 -0.999999984539704 267228107469794
-3.984375 -0.999999982421371 2.73118867783503
-3.96875 -0.999999980022277 1.39968447557767
-3.953125 -0.999999977306534 0.957135045168826
-3.9375 -0.999999974233849 0.736877793927728
-3.921875 -0.999999970759001 0.605583739835834
-3.90625 -0.999999966831273 0.518813090168329
-3.890625 -0.999999962393803 0.457523206193556
-3.875 -0.999999957382882 0.412195618797293
-3.859375 -0.999999951727164 0.377545058151605
-3.84375 -0.99999994534679 0.350403090426868
-3.828125 -0.999999938152422 0.328756160035343
-3.8125 -0.999999930044168 0.311264637329727
-3.796875 -0.999999920910396 0.297003872190841
-3.78125 -0.999999910626416 0.285316254198285
-3.765625 -0.999999899053033 0.275722480268633
-3.75 -0.999999886034932 0.267866130827618
-3.734375 -0.999999871398909 0.261477844016222
-3.71875 -0.999999854951909 0.256351471776518
-3.703125 -0.999999836478866 0.252327809363659
-3.6875 -0.999999815740317 0.249283254240304
-3.671875 -0.99999979246978 0.247121758749291
-3.65625 -0.999999766370856 0.245769037098987
-3.640625 -0.999999737114046 0.245168350351388
-3.625 -0.999999704333252 0.245277420421124
-3.609375 -0.999999667621921 0.246066169994316
-3.59375 -0.999999626528819 0.247515081179628
-3.578125 -0.99999958055338 0.249614030259394
-3.5625 -0.999999529140612 0.252361500478095
-3.546875 -0.999999471675504 0.255764106491411
-3.53125 -0.999999407476895 0.259836387465581
-3.515625 -0.99999933579076 0.264600843895756
-3.5 -0.999999255782864 0.270088208108619
-3.484375 -0.999999166530715 0.276337951688554
-3.46875 -0.999999067014773 0.283399045984554
-3.453125 -0.99999895610884 0.291331005576737
-3.4375 -0.999998832569566 0.300205260315861
-3.421875 -0.999998695024996 0.310106920714564
-3.40625 -0.999998541962073 0.321137025880284
-3.390625 -0.999998371713024 0.333415395306091
-3.375 -0.999998182440521 0.347084249170838
-3.359375 -0.999997972121524 0.362312821431637
-3.34375 -0.999997738529713 0.379303273491346
-3.328125 -0.999997479216369 0.398298335086647
-3.3125 -0.999997191489609 0.41959127105043
-3.296875 -0.999996872391828 0.443539025808051
-3.28125 -0.999996518675224 0.470579777044889
-3.265625 -0.999996126775239 0.501256710321586
-3.25 -0.999995692781782 0.536250733032565
-3.234375 -0.999995212408052 0.57642629655851
-3.21875 -0.999994680956779 0.622896878239055
-3.203125 -0.999994093283716 0.677120707083025
-3.1875 -0.999993443758151 0.741044373558361
-3.171875 -0.999992726220252 0.817324793594355
-3.15625 -0.999991933935007 0.909684373467742
-3.140625 -0.999991059542514 1.02350297526772
-3.125 -0.999990095004387 1.16685388276362
-3.109375 -0.999989031545989 1.35242776775402
-3.09375 -0.99998785959423 1.60138065758332
-3.078125 -0.999986568710613 1.95179950618875
-3.0625 -0.999985147519229 2.47986617648247
-3.046875 -0.999983583629368 3.36334946364689
-3.03125 -0.999981863552391 5.13557330871818
-3.015625 -0.999979972612514 10.4631945499544
-3 -0.999977894851102 -1.42521657317224E+15
-2.984375 -0.999975612924094 -10.882079888249
-2.96875 -0.99997310799212 -5.55499776244887
-2.953125 -0.99997035960289 -3.78367447543302
-2.9375 -0.999967345565382 -2.90145631359043
-2.921875 -0.999964041815364 -2.37502372966866
-2.90625 -0.999960422271747 -2.02661363347004
-2.890625 -0.999956458683253 -1.78005122409681
-2.875 -0.999952120464865 -1.59725802283951
-2.859375 -0.999947374523499 -1.45708795880385
-2.84375 -0.999942185072323 -1.34686187882828
-2.828125 -0.99993651343313 -1.2585196751353
-2.8125 -0.999930317826141 -1.18669642981959
-2.796875 -0.999923553146616 -1.1276865772246
-2.78125 -0.999916170727611 -1.07885208618727
-2.765625 -0.999908118088214 -1.03826746476157
-2.75 -0.999899338666567 -1.00449799060357
-2.734375 -0.999889771536983 -0.976456323748078
-2.71875 -0.99987935111042 -0.953307035668925
-2.703125 -0.999868006817591 -0.934401419049799
-2.6875 -0.999855662773968 -0.919232000011121
-2.671875 -0.999842237425902 -0.907400207907552
-2.65625 -0.999827643177119 -0.89859304189317
-2.640625 -0.999811785994796 -0.892566025498024
-2.625 -0.999794564994445 -0.889130649026576
-2.609375 -0.999775872002829 -0.888145082323235
-2.59375 -0.999755591098111 -0.889507322989287
-2.578125 -0.999733598126471 -0.893150202021896
-2.5625 -0.999709760194397 -0.899037845453213
-2.546875 -0.999683935135895 -0.907163315211723
-2.53125 -0.999655970953862 -0.917547243237834
-2.515625 -0.999625705234861 -0.930237341821016
-2.5 -0.999592964536606 -0.945308728380167
-2.484375 -0.99955756374743 -0.962865050414804
-2.46875 -0.999519305417082 -0.983040440758923
-2.453125 -0.999477979058207 -1.00600237863217
-2.4375 -0.999433360417915 -1.03195558233577
-2.421875 -0.999385210718868 -1.06114711932015
-2.40625 -0.999333275869388 -1.09387299440472
-2.390625 -0.999277285642123 -1.13048657470971
-2.375 -0.999216952820867 -1.17140934095158
-2.359375 -0.999151972315219 -1.21714463449691
-2.34375 -0.9990820202428 -1.26829532073669
-2.328125 -0.99900675297887 -1.32558664646025
-2.3125 -0.998925806173226 -1.38989608535455
-2.296875 -0.998838793734389 -1.46229272571092
-2.28125 -0.99874530678118 -1.54408989342854
-2.265625 -0.998644912561874 -1.63691644464393
-2.25 -0.99853715334125 -1.74281488235584
-2.234375 -0.998421545255981 -1.86437880293143
-2.21875 -0.998297577138918 -2.00494932683195
-2.203125 -0.998164709312972 -2.16890226487532
-2.1875 -0.998022372355439 -2.36207894071727
-2.171875 -0.997869965833755 -2.5924520796821
-2.15625 -0.997706857013839 -2.87119130375756
-2.140625 -0.997532379542339 -3.2144390317002
-2.125 -0.99734583210427 -3.6464183836363
-2.109375 -0.997146477057709 -4.20520509036016
-2.09375 -0.996933539047404 -4.95427140939842
-2.078125 -0.996706203599348 -6.00788285498722
-2.0625 -0.996463615698547 -7.59459016547751
-2.046875 -0.996204878352449 -10.2477053970491
-2.03125 -0.995929051142677 -15.567206592052
-2.015625 -0.995635148767941 -31.5530710647062
-2 -0.995322139581219 6.41347457927506E+15
-1.984375 -0.994988944124515 32.4762071664931
-1.96875 -0.994634433664726 16.4913996072701
-1.953125 -0.994257428734382 11.1736636852631
-1.9375 -0.993856697681238 8.52302792117186
-1.921875 -0.993430955230956 6.9395224601256
-1.90625 -0.992978861067285 5.88984587227231
-1.890625 -0.99249901843445 5.14546056965484
-1.875 -0.99198997276661 4.59211681566359
-1.859375 -0.991450210349533 4.16636088220476
-1.84375 -0.990878157019788 3.83013846791791
-1.828125 -0.990272176907034 3.55925095624202
-1.8125 -0.989630571225125 3.33758370886758
-1.796875 -0.988951577117992 3.15399839567505
-1.78125 -0.988233366566433 3.00055736470833
-1.765625 -0.987474045362119 2.87145845723122
-1.75 -0.986671652155294 2.76236947415981
-1.734375 -0.985824157582785 2.66999776024865
-1.71875 -0.984929463483104 2.59180350322489
-1.703125 -0.98398540220551 2.52580383586899
-1.6875 -0.98298973602003 2.47043600002989
-1.671875 -0.981940156635514 2.42445993050299
-1.65625 -0.98083428483285 2.38688776752873
-1.640625 -0.979669670220542 2.35693216108072
-1.625 -0.978443791119842 2.33396795369476
-1.609375 -0.977154054586638 2.31750357418719
-1.59375 -0.97579779657727 2.30715961900346
-1.578125 -0.974372282265392 2.3026528645877
-1.5625 -0.972874706516915 2.30378447897386
-1.546875 -0.971302194529939 2.31043156842986
-1.53125 -0.969651802646473 2.32254145944577
-1.515625 -0.967920519342523 2.34012831301849
-1.5 -0.966105266402972 2.36327182095042
-1.484375 -0.964202900287389 2.39211785962428
-1.46875 -0.962210213692685 2.42688108812359
-1.453125 -0.960123937318175 2.46784958508204
-1.4375 -0.957940741838313 2.51539173194344
-1.421875 -0.955657240087964 2.56996567960349
-1.40625 -0.953269989464677 2.63213189278635
-1.390625 -0.950775494551989 2.70256946766541
-1.375 -0.948170209967293 2.78209718476
-1.359375 -0.945450543437315 2.87170062201614
-1.34375 -0.942612859103685 2.97256715797661
-1.328125 -0.939653481060497 3.08613141129027
-1.3125 -0.936568697125191 3.2141346973824
-1.296875 -0.933354762843371 3.35870360436726
-1.28125 -0.930007905727592 3.52245506938386
-1.265625 -0.926524329729362 3.7086388198964
-1.25 -0.922900219942947 3.92133348530064
-1.234375 -0.919131747538776 4.16572138779991
-1.21875 -0.91521507492348 4.4484813189084
-1.203125 -0.911146361122801 4.77836280230342
-1.1875 -0.906921767382802 5.16704768281904
-1.171875 -0.902537462983956 5.63048186055955
-1.15625 -0.897989631261869 6.19100624872724
-1.140625 -0.893274475827527 6.88090855223324
-1.125 -0.888388226979099 7.74863906522714
-1.109375 -0.883327148296448 8.87035448747844
-1.09375 -0.878087543408649 10.3730057634279
-1.078125 -0.872665762923944 12.4851315580203
-1.0625 -0.867058211510683 15.6638422162974
-1.046875 -0.861261355116982 20.9757719845848
-1.03125 -0.855271728315962 31.6208883901054
-1.015625 -0.84908594176262 63.5991588647983
-1 -0.84270068974759 -2.56538983171002E+16
-0.984375 -0.836112757832261 -64.4449735960099
-0.96875 -0.829319030548979 -32.4674429768129
-0.953125 -0.822316499149344 -21.8235618852795
-0.9375 -0.815102269382926 -16.5133665972705
-0.921875 -0.80767356928809 -13.3368947280539
-0.90625 -0.800027756976023 -11.2275186940191
-0.890625 -0.792162328388496 -9.72813638950368
-0.875 -0.784074925009414 -8.61021902936924
-0.859375 -0.775763341509744 -7.74682726534949
-0.84375 -0.767225533305043 -7.06181780022365
-0.828125 -0.758459624004451 -6.50675565437994
-0.8125 -0.749463912729804 -6.0493704723225
-0.796875 -0.740236881283268 -5.6673408672286
-0.78125 -0.730777201141808 -5.34474280588672
-0.765625 -0.721083740256746 -5.06991883854887
-0.75 -0.711155569636656 -4.83414657977967
-0.734375 -0.700991969691978 -4.63077736543126
-0.71875 -0.690592436319856 -4.45466227116778
-0.703125 -0.679956686708001 -4.30175965796437
-0.6875 -0.669084664836671 -4.16886075005044
-0.671875 -0.657976546658275 -4.05339394630969
-0.65625 -0.646632744934609 -3.95328286496946
-0.640625 -0.635053913712271 -3.86684182677305
-0.625 -0.623240952417462 -3.79269792475399
-0.609375 -0.611195009552093 -3.72973231470751
-0.59375 -0.598917485973922 -3.67703564278677
-0.578125 -0.5864100377443 -3.63387405192747
-0.5625 -0.57367457852806 -3.59966324839666
-0.546875 -0.560713281531108 -3.57394883241494
-0.53125 -0.547528580962327 -3.55639160977633
-0.515625 -0.534123173007574 -3.54675697441865
-0.5 -0.520500016304747 -3.54490773142563
-0.484375 -0.506662331910174 -3.55079994787979
-0.46875 -0.492613602747862 -3.56448159818152
-0.453125 -0.478357572534555 -3.58609392832234
-0.4375 -0.463898244174907 -3.6158756146687
-0.421875 -0.449239877622579 -3.65416995068621
-0.40625 -0.434386987204493 -3.7014354742308
-0.390625 -0.41934433840704 -3.75826066597221
-0.375 -0.40411694412452 -3.825383629045
-0.359375 -0.38871006037169 -3.90371803305319
-0.34375 -0.37312918146381 -3.99438711853107
-0.328125 -0.357380034669189 -4.09876828061988
-0.3125 -0.341468574340735 -4.21855179031439
-0.296875 -0.325400975534636 -4.3558187369138
-0.28125 -0.309183627125788 -4.51314555764807
-0.265625 -0.292823124431129 -4.69374600643139
-0.25 -0.276326261353527 -4.9016668566258
-0.234375 -0.259700022060334 -5.14206233806551
-0.21875 -0.242951572212135 -5.42158660741961
-0.203125 -0.226088249758601 -5.74896774652131
-0.1875 -0.209117555319681 -6.1358691233476
-0.171875 -0.192047142171631 -6.59822093034322
-0.15625 -0.174884805858601 -7.15835097509087
-0.140625 -0.157638473451622 -7.84853631739103
-0.125 -0.140316192477912 -8.71721894838053
-0.109375 -0.122926119544425 -9.84054950954639
-0.09375 -0.105476508680438 -11.3454750537493
-0.078125 -0.0879756994248498 -13.4605324609906
-0.0625 -0.0704321046845497 -16.642832354816
-0.046875 -0.0528541983908957 -21.9590112963622
-0.03125 -0.0352505029818697 -32.6090411522962
-0.015625 -0.0176295767379393 -64.5928957220603
0 9.99999971718069E-10 Infinity
0.015625 0.0176295767379393 63.438019782155
0.03125 0.0352505029818697 31.4528348390204
0.046875 0.0528541983908957 20.8005820624815
0.0625 0.0704321046845497 15.4812809180362
0.078125 0.0879756994248498 12.294949615917
0.09375 0.105476508680438 10.1749386417863
0.109375 0.122926119544425 8.66412132347061
0.125 0.140316192477912 7.53394152188078
0.140625 0.157638473451622 6.65742956754252
0.15625 0.174884805858601 5.95840866743369
0.171875 0.192047142171631 5.38840693464625
0.1875 0.209117555319681 4.91511342531079
0.203125 0.226088249758601 4.51616217701468
0.21875 0.242951572212135 4.17558024641921
0.234375 0.259700022060334 3.88165654515144
0.25 0.276326261353527 3.62560987363124
0.265625 0.292823124431129 3.40072707040258
0.28125 0.309183627125788 3.20178845348268
0.296875 0.325400975534636 3.02467470862484
0.3125 0.341468574340735 2.86609171749436
0.328125 0.357380034669189 2.72337401195216
0.34375 0.37312918146381 2.5943418366147
0.359375 0.38871006037169 2.47719550375189
0.375 0.40411694412452 2.37043616326337
0.390625 0.41934433840704 2.27280559122539
0.40625 0.434386987204493 2.1832398763737
0.421875 0.449239877622579 2.10083340113401
0.4375 0.463898244174907 2.02481054337032
0.453125 0.478357572534555 1.95450323505878
0.46875 0.492613602747862 1.88933301112117
0.484375 0.506662331910174 1.82879653437741
0.5 0.520500016304747 1.77245383609822
0.515625 0.534123173007574 1.7199186960163
0.53125 0.547528580962327 1.67085072122612
0.546875 0.560713281531108 1.62494878411119
0.5625 0.57367457852806 1.58194555496902
0.578125 0.5864100377443 1.54160292216235
0.59375 0.598917485973922 1.50370813624555
0.609375 0.611195009552093 1.46807054806813
0.625 0.623240952417462 1.43451883686183
0.640625 0.635053913712271 1.40289864461206
0.65625 0.646632744934609 1.37307054896104
0.671875 0.657976546658275 1.34490831949778
0.6875 0.669084664836671 1.31829741231897
0.703125 0.679956686708001 1.29313366576807
0.71875 0.690592436319856 1.26932216671272
0.734375 0.700991969691978 1.24677626193778
0.75 0.711155569636656 1.22541669347033
0.765625 0.721083740256746 1.20517084011282
0.78125 0.730777201141808 1.18597205029816
0.796875 0.740236881283268 1.16775905371625
0.8125 0.749463912729804 1.15047544109433
0.828125 0.758459624004451 1.13406920311636
0.84375 0.767225533305043 1.11849232080377
0.859375 0.775763341509744 1.10370040079711
0.875 0.784074925009414 1.0896523499164
0.890625 0.792162328388496 1.07631008416762
0.90625 0.800027756976023 1.06363826803
0.921875 0.80767356928809 1.05160408042435
0.9375 0.815102269382926 1.04017700424284
0.953125 0.822316499149344 1.0293286367306
0.96875 0.829319030548979 1.01903251835948
0.984375 0.836112757832261 1.00926397813425
1 0.84270068974759 0.999999989064903
1.015625 0.84908594176262 0.991219059096171
1.03125 0.855271728315962 0.982901088719387
1.046875 0.861261355116982 0.975027284178821
1.0625 0.867058211510683 0.967580057377265
1.078125 0.872665762923944 0.960542938743516
1.09375 0.878087543408649 0.953900497667461
1.109375 0.883327148296448 0.947638269754598
1.125 0.888388226979099 0.941742690235098
1.140625 0.893274475827527 0.936201032935666
1.15625 0.897989631261869 0.931001354286515
1.171875 0.902537462983956 0.926132441892324
1.1875 0.906921767382802 0.921583767245773
1.203125 0.911146361122801 0.917345442206107
1.21875 0.91521507492348 0.913408178904201
1.234375 0.919131747538776 0.909763252769869
1.25 0.922900219942947 0.906402468407809
1.265625 0.926524329729362 0.903318128075684
1.28125 0.930007905727592 0.900503002542003
1.296875 0.933354762843371 0.897950304123
1.3125 0.936568697125191 0.895653661716989
1.328125 0.939653481060497 0.893607097671803
1.34375 0.942612859103685 0.891805006336303
1.359375 0.945450543437315 0.890242134160835
1.375 0.948170209967293 0.888913561223765
1.390625 0.950775494551989 0.887814684072418
1.40625 0.953269989464677 0.886941199776816
1.421875 0.955657240087964 0.886289091103411
1.4375 0.957940741838313 0.885854612724515
1.453125 0.960123937318175 0.88563427838601
1.46875 0.962210213692685 0.885624848963048
1.484375 0.964202900287389 0.885823321339059
1.5 0.966105266402972 0.886226918049109
1.515625 0.967920519342523 0.886833077633404
1.53125 0.969651802646473 0.887639445651378
1.546875 0.971302194529939 0.888643866310808
1.5625 0.972874706516915 0.889844374670072
1.578125 0.974372282265392 0.891239189375109
1.59375 0.97579779657727 0.892826705895794
1.609375 0.977154054586638 0.894605490229015
1.625 0.978443791119842 0.896574273038643
1.640625 0.979669670220542 0.898731944204598
1.65625 0.98083428483285 0.901077547755684
1.671875 0.981940156635514 0.90361027716257
1.6875 0.98298973602003 0.906329470969289
1.703125 0.98398540220551 0.909234608743173
1.71875 0.984929463483104 0.912325307324766
1.734375 0.985824157582785 0.915601317360559
1.75 0.986671652155294 0.919062520102744
1.765625 0.987474045362119 0.922708924461381
1.78125 0.988233366566433 0.926540664295439
1.796875 0.988951577117992 0.930557995930141
1.8125 0.989630571225125 0.934761295889145
1.828125 0.990272176907034 0.939151058830738
1.84375 0.990878157019788 0.943727895678182
1.859375 0.991450210349533 0.948492531935019
1.875 0.99198997276661 0.953445806176854
1.890625 0.99249901843445 0.958588668711784
1.90625 0.992978861067285 0.963922180402188
1.921875 0.993430955230956 0.969447511641196
1.9375 0.993856697681238 0.975165941477659
1.953125 0.994257428734382 0.981078856883855
1.96875 0.994634433664726 0.987187752160745
1.984375 0.994988944124515 0.993494228475903
2 0.995322139581219 0.999999989064903
2.015625 0.995635148767941 1.00670685689455
2.03125 0.995929051142677 1.01361674774187
2.046875 0.996204878352449 1.0207316881247
2.0625 0.996463615698547 1.02805381096334
2.078125 0.996706203599348 1.03558535583285
2.09375 0.996933539047404 1.04332866932379
2.109375 0.997146477057709 1.05128620550901
2.125 0.99734583210427 1.05946052651448
2.140625 0.997532379542339 1.06785430319224
2.15625 0.997706857013839 1.07647031589378
2.171875 0.997869965833755 1.08531145534257
2.1875 0.998022372355439 1.09438072360436
2.203125 0.998164709312972 1.10368123515422
2.21875 0.998297577138918 1.1132162180395
2.234375 0.998421545255981 1.12298901513781
2.25 0.99853715334125 1.13300308550976
2.265625 0.998644912561874 1.14326200584579
2.28125 0.99874530678118 1.15376947200694
2.296875 0.998838793734389 1.16452930065952
2.3125 0.998925806173226 1.17554543100355
2.328125 0.99900675297887 1.18682192659536
2.34375 0.9990820202428 1.19836297726441
2.359375 0.999151972315219 1.21017290112488
2.375 0.999216952820867 1.22225614668268
2.390625 0.999277285642123 1.23461729503821
2.40625 0.999333275869388 1.24726106218615
2.421875 0.999385210718868 1.26019230141266
2.4375 0.999433360417915 1.27341600579149
2.453125 0.999477979058207 1.28693731077967
2.46875 0.999519305417082 1.30076149691448
2.484375 0.99955756374743 1.31489399261267
2.5 0.999592964536606 1.32934037707366
2.515625 0.999625705234861 1.34410638328813
2.53125 0.999655970953862 1.35919790115367
2.546875 0.999683935135895 1.37462098069953
2.5625 0.999709760194397 1.39038183542199
2.578125 0.999733598126471 1.40648684573259
2.59375 0.999755591098111 1.42294256252142
2.609375 0.999775872002829 1.43975571083732
2.625 0.999794564994445 1.45693319368779
2.640625 0.999811785994796 1.47448209596067
2.65625 0.999827643177119 1.49240968847035
2.671875 0.999842237425902 1.51072343213117
2.6875 0.999855662773968 1.52943098226067
2.703125 0.999868006817591 1.54854019301572
2.71875 0.99987935111042 1.56805912196444
2.734375 0.999889771536983 1.58799603479722
2.75 0.999899338666567 1.6083594101798
2.765625 0.999908118088214 1.62915794475213
2.78125 0.999916170727611 1.65040055827625
2.796875 0.999923553146616 1.67209639893697
2.8125 0.999930317826141 1.69425484879907
2.828125 0.99993651343313 1.71688552942494
2.84375 0.999942185072323 1.73999830765665
2.859375 0.999947374523499 1.76360330156668
2.875 0.999952120464865 1.7877108865816
2.890625 0.999956458683253 1.81233170178322
2.90625 0.999960422271747 1.83747665639167
2.921875 0.999964041815364 1.86315693643542
2.9375 0.999967345565382 1.88938401161296
2.953125 0.99997035960289 1.91616964235128
2.96875 0.99997310799212 1.94352588706647
2.984375 0.999975612924094 1.97146510963187
3 0.999977894851102 1.99999997812981
3.015625 0.999979972612514 2.02914350842808
3.03125 0.999981863552391 2.05890901885067
3.046875 0.999983583629368 2.08931017413025
3.0625 0.999985147519229 2.1203609851119
3.078125 0.999986568710613 2.15207581759015
3.09375 0.99998785959423 2.18446940139668
3.109375 0.999989031545989 2.21755683974556
3.125 0.999990095004387 2.25135361884328
3.140625 0.999991059542514 2.2858756177709
3.15625 0.999991933935007 2.32113911864597
3.171875 0.999992726220252 2.35716081707214
3.1875 0.999993443758151 2.39395783288453
3.203125 0.999994093283716 2.43154772119915
3.21875 0.999994680956779 2.46994848377513
3.234375 0.999995212408052 2.50917858069854
3.25 0.999995692781782 2.54925694239696
3.265625 0.999996126775239 2.59020298199436
3.28125 0.999996518675224 2.63203660801583
3.296875 0.999996872391828 2.67477823745232
3.3125 0.999997191489609 2.7184488091957
3.328125 0.999997479216369 2.76306979785483
3.34375 0.999997738529713 2.80866322796345
3.359375 0.999997972121524 2.85525168859153
3.375 0.999998182440521 2.90285834837136
3.390625 0.999998371713024 2.95150697095071
3.40625 0.999998541962073 3.00122193088542
3.421875 0.999998695024996 3.05202822998379
3.4375 0.999998832569566 3.10395151411676
3.453125 0.99999895610884 3.15701809050638
3.46875 0.999999067014773 3.21125494550761
3.484375 0.999999166530715 3.26668976289709
3.5 0.999999255782864 3.32335094268416
3.515625 0.99999933579076 3.3812676204592
3.53125 0.999999407476895 3.44046968729523
3.546875 0.999999471675504 3.50098781021912
3.5625 0.999999529140612 3.56285345326884
3.578125 0.99999958055338 3.62609889915434
3.59375 0.999999626528819 3.69075727153994
3.609375 0.999999667621921 3.75686255796613
3.625 0.999999704333252 3.82444963343046
3.640625 0.999999737114046 3.89355428464614
3.65625 0.999999766370856 3.96421323499937
3.671875 0.99999979246978 4.03646417022548
3.6875 0.999999815740317 4.11034576482556
3.703125 0.999999836478866 4.18589770924561
3.71875 0.999999854951909 4.26316073784082
3.734375 0.999999871398909 4.34217665764865
3.75 0.999999886034932 4.42298837799446
3.765625 0.999999899053033 4.5056399409551
3.78125 0.999999910626416 4.59017655270582
3.796875 0.999999920910396 4.67664461577684
3.8125 0.999999930044168 4.7650917622474
3.828125 0.999999938152422 4.85556688790492
3.84375 0.99999994534679 4.94812018739859
3.859375 0.999999951727164 5.04280319041722
3.875 0.999999957382882 5.1396687989221
3.890625 0.999999962393803 5.23877132546711
3.90625 0.999999966831273 5.34016653263829
3.921875 0.999999970759001 5.44391167364726
3.9375 0.999999974233849 5.55006553411308
3.953125 0.999999977306534 5.65868847506862
3.96875 0.999999980022277 5.76984247722857
3.984375 0.999999982421371 5.88359118655761
4 0.999999984539704 5.99999993438942
4.015625 0.99999998640922 6.11913589260342
4.03125 0.99999998805834 6.24106796339109
4.046875 0.999999989512338 6.36586693680312
4.0625 0.999999990793674 6.49360551690518
4.078125 0.999999991922301 6.62435837601967
4.09375 0.999999992915935 6.75820221057097
4.109375 0.999999993790296 6.89521579858385
4.125 0.999999994559324 7.03548005888525
4.140625 0.99999999523538 7.17907811206173
4.15625 0.999999995829414 7.32609534322634
4.171875 0.999999996351122 7.47661946665069
4.1875 0.999999996809087 7.63074059231943
4.203125 0.999999997210901 7.78855129446602
4.21875 0.999999997563277 7.9501466821512
4.234375 0.999999997872146 8.11562447194684
4.25 0.999999998142749 8.28508506279013
4.265625 0.999999998379711 8.45863161307534
4.28125 0.999999998587112 8.63637012005196
4.296875 0.999999998768552 8.81840950160063
4.3125 0.999999998927203 9.00486168046077
4.328125 0.99999999906586 9.19584167098561
4.34375 0.999999999186983 9.3914676685028
4.359375 0.999999999292738 9.59186114136216
4.375 0.99999999938503 9.79714692575333
4.390625 0.999999999465534 10.0074533233798
4.40625 0.99999999953572 10.2229122020785
4.421875 0.999999999596882 10.4436590994758
4.4375 0.999999999650154 10.6698333297764
4.453125 0.99999999969653 10.9015780937798
4.46875 0.999999999736885 11.1390405922295
4.484375 0.999999999771982 11.3823721425946
4.5 0.999999999802491 11.6317282993946
4.515625 0.999999999829 11.8872689781769
4.53125 0.999999999852022 12.1491585832613
4.546875 0.999999999872005 12.4175661393709
4.5625 0.999999999889343 12.6926654272703
4.578125 0.999999999904378 12.9746351235366
4.59375 0.99999999991741 13.2636589445967
4.609375 0.999999999928699 13.559925795159
4.625 0.999999999938475 13.8636299211854
4.640625 0.999999999946936 14.1749710675399
4.65625 0.999999999954255 14.4941546404665
4.671875 0.999999999960583 14.8213918750467
4.6875 0.999999999966053 15.1569000077943
4.703125 0.999999999970777 15.5009024545501
4.71875 0.999999999974856 15.8536289938456
4.734375 0.999999999978376 16.2153159559067
4.75 0.999999999981412 16.5862064174792
4.765625 0.999999999984029 16.966550402659
4.78125 0.999999999986285 17.3566050899189
4.796875 0.999999999988227 17.7566350255277
4.8125 0.999999999989899 18.1669123435682
4.828125 0.999999999991338 18.587716992761
4.84375 0.999999999992576 19.0193369703133
4.859375 0.999999999993639 19.4620685630164
4.875 0.999999999994553 19.9162165958231
4.890625 0.999999999995338 20.3820946881455
4.90625 0.999999999996012 20.8600255181183
4.921875 0.99999999999659 21.3503410950853
4.9375 0.999999999997085 21.8533830405703
4.953125 0.99999999999751 22.3695028780057
4.96875 0.999999999997874 22.8990623315009
4.984375 0.999999999998186 23.4424336339405
5 0.999999999998452 23.9999997375577
5.015625 0.99999999999868 24.5721550687356
5.03125 0.999999999998875 25.1593052274203
5.046875 0.999999999999042 25.7618677598751
5.0625 0.999999999999184 26.3802724124273
5.078125 0.999999999999306 27.0149615022052
5.09375 0.99999999999941 27.6663902995249
5.109375 0.999999999999498 28.3350274223055
5.125 0.999999999999573 29.0213552429017
5.140625 0.999999999999638 29.7258703077556
5.15625 0.999999999999692 30.4490837702845
5.171875 0.999999999999739 31.1915218374334
5.1875 0.999999999999779 31.9537262303376
5.203125 0.999999999999812 32.7362546595525
5.21875 0.999999999999841 33.5396813153254
5.234375 0.999999999999865 34.3645973733999
5.25 0.999999999999886 35.211611516858
5.265625 0.999999999999904 36.0813504745245
5.28125 0.999999999999918 36.9744595764724
5.296875 0.999999999999931 37.8916033271902
5.3125 0.999999999999942 38.8334659969871
5.328125 0.999999999999951 39.8007522322346
5.34375 0.999999999999958 40.794187685059
5.359375 0.999999999999965 41.8145196631256
5.375 0.99999999999997 42.8625178001708
5.390625 0.999999999999975 43.9389747479642
5.40625 0.999999999999979 45.0447068904082
5.421875 0.999999999999982 46.1805550804945
5.4375 0.999999999999985 47.3473854008826
5.453125 0.999999999999987 48.5460899488633
5.46875 0.999999999999989 49.7775876465257
5.484375 0.999999999999991 51.0428250769475
5.5 0.999999999999993 52.3427773472755
5.515625 0.999999999999994 53.6784489795799
5.53125 0.999999999999995 55.0508748304027
5.546875 0.999999999999996 56.4611210399523
5.5625 0.999999999999996 57.9102860119205
5.578125 0.999999999999997 59.3995014249412
5.59375 0.999999999999997 60.9299332767409
5.609375 0.999999999999998 62.5027829620611
5.625 0.999999999999998 64.1192883854826
5.640625 0.999999999999998 65.7807251103022
5.65625 0.999999999999999 67.488407544672
5.671875 0.999999999999999 69.2436901662336
5.6875 0.999999999999999 71.0479687865356
5.703125 0.999999999999999 72.9026818565561
5.71875 0.999999999999999 74.8093118147088
5.734375 0.999999999999999 76.7693864787456
5.75 1 78.7844804830263
5.765625 1 80.856216762672
5.78125 1 82.9862680861747
5.796875 1 85.1763586380782
5.8125 1 87.428265653422
5.828125 1 89.7438211056743
5.84375 1 92.1249134499553
5.859375 1 94.573489423408
5.875 1 97.0915559046378
5.890625 1 99.6811818342114
5.90625 1 102.344500198268
5.921875 1 105.083710077373
5.9375 1 107.901078762816
5.953125 1 110.798943942622
5.96875 1 113.779715959645
5.984375 1 116.845880144172
6 1 119.999998687788
6.015625 1 123.244715266627
6.03125 1 126.582754425459
6.046875 1 130.01692635062
6.0625 1 133.550129087913
6.078125 1 137.185351378386
6.09375 1 140.925675588205
6.109375 1 144.774280735842
6.125 1 148.734445619871
6.140625 1 152.809552050806
6.15625 1 157.003088190529
6.171875 1 161.318652002976
6.1875 1 165.759954819876
6.203125 1 170.330825025484
6.21875 1 175.035211864354
6.234375 1 179.87718937639
6.25 1 184.860960463505
6.265625 1 189.990861092418
6.28125 1 195.271364638245
6.296875 1 200.707086373711
6.3125 1 206.302788108994
6.328125 1 212.063382987375
6.34375 1 217.993940442034
6.359375 1 224.099691319564
6.375 1 230.386033175918
6.390625 1 236.858535750745
6.40625 1 243.522946626269
6.421875 1 250.385197077056
6.4375 1 257.451408117299
6.453125 1 264.727896752395
6.46875 1 272.221182441938
6.484375 1 279.937993781384
6.5 1 287.885275410015
6.515625 1 296.070195152995
6.53125 1 304.500151405665
6.546875 1 313.182780768485
6.5625 1 322.125965941308
6.578125 1 331.337843886
6.59375 1 340.826814266769
6.609375 1 350.601548177811
6.625 1 360.67099716834
6.640625 1 371.044402575298
6.65625 1 381.731305174551
6.671875 1 392.741555161606
6.6875 1 404.085322473421
6.703125 1 415.773107463172
6.71875 1 427.815751940366
6.734375 1 440.224450589057
6.75 1 453.010762777401
6.765625 1 466.186624772281
6.78125 1 479.764362373198
6.796875 1 493.756703980109
6.8125 1 508.176794110515
6.828125 1 523.038207381508
6.84375 1 538.354962973176
6.859375 1 554.141539590281
6.875 1 570.412890939747
6.890625 1 587.184461742152
6.90625 1 604.472204296021
6.921875 1 622.292595614444
6.9375 1 640.662655154218
6.953125 1 659.59996315842
6.96875 1 679.122679634132
6.984375 1 699.24956398778
7 1 719.99999212673
7.015625 1 741.393990275803
7.03125 1 763.452237628547
7.046875 1 786.196101526403
7.0625 1 809.647657595474
7.078125 1 833.829713846752
7.09375 1 858.765835615624
7.109375 1 884.480371370536
7.125 1 910.99847942171
7.140625 1 938.346155561981
7.15625 1 966.550261672946
7.171875 1 995.638555330865
7.1875 1 1025.63972044799
7.203125 1 1056.58339898621
7.21875 1 1088.50022378145
7.234375 1 1121.42185251843
7.25 1 1155.3810028969
7.265625 1 1190.41148903218
7.28125 1 1226.54825913398
7.296875 1 1263.82743450946
7.3125 1 1302.28634993802
7.328125 1 1341.96359546698
7.34375 1 1382.89905967915
7.359375 1 1425.13397448535
7.375 1 1468.71096149648
7.390625 1 1513.6740800321
7.40625 1 1560.06887682454
7.421875 1 1607.94243747922
7.4375 1 1657.34343975511
7.453125 1 1708.3222087303
7.46875 1 1760.93077392128
7.484375 1 1815.22292842616
7.5 1 1871.2542901651
7.515625 1 1929.08236529373
7.53125 1 1988.76661386825
7.546875 1 2050.36851784368
7.5625 1 2113.95165148983
7.578125 1 2179.58175431259
7.59375 1 2247.32680657151
7.609375 1 2317.25710748772
7.625 1 2389.44535624025
7.640625 1 2463.96673585159
7.65625 1 2540.8990000681
7.671875 1 2620.32256334384
7.6875 1 2702.320594041
7.703125 1 2786.97911096407
7.71875 1 2874.38708334933
7.734375 1 2964.63653443568
7.75 1 3057.82264874746
7.765625 1 3154.04388322496
7.78125 1 3253.40208234325
7.796875 1 3356.00259736481
7.8125 1 3461.95440987789
7.828125 1 3571.37025977686
7.84375 1 3684.36677784767
7.859375 1 3801.06462312709
7.875 1 3921.58862521076
7.890625 1 4046.06793169201
7.90625 1 4174.63616091939
7.921875 1 4307.43156026873
7.9375 1 4444.59717013239
7.953125 1 4586.28099383589
7.96875 1 4732.63617370036
7.984375 1 4883.82117347715
8 1 5039.99994488711
8.015625 1 5201.34221302868
8.03125 1 5368.02354582572
8.046875 1 5540.22565294387
8.0625 1 5718.13658176804
8.078125 1 5901.95094332154
8.09375 1 6091.87014639833
8.109375 1 6288.10264021241
8.125 1 6490.86416587968
8.140625 1 6700.37801705977
8.15625 1 6916.87531009702
8.171875 1 7140.59526401355
8.1875 1 7371.7854907199
8.203125 1 7610.70229582251
8.21875 1 7857.61099042237
8.234375 1 8112.78621431303
8.25 1 8376.51227100256
8.265625 1 8649.08347499945
8.28125 1 8930.80451181927
8.296875 1 9221.99081118621
8.3125 1 9522.9689339218
8.328125 1 9834.07697303148
8.34375 1 10155.6649695188
8.359375 1 10488.0953434781
8.375 1 10831.7433410365
8.390625 1 11186.9974977373
8.40625 1 11554.2601189817
8.421875 1 11933.9477781661
8.4375 1 12326.4918331787
8.453125 1 12732.338961943
8.46875 1 13151.9517177246
8.484375 1 13585.8091049395
8.5 1 14034.4071762383
8.515625 1 14498.2596516607
8.53125 1 14977.8985606953
8.546875 1 15473.8749081015
8.5625 1 15986.7593643919
8.578125 1 16517.1429819001
8.59375 1 17065.6379374024
8.609375 1 17632.8783022894
8.625 1 18219.5208413319
8.640625 1 18826.245841116
8.65625 1 19453.7579692714
8.671875 1 20102.7871656535
8.6875 1 20774.0895666902
8.703125 1 21468.4484641451
8.71875 1 22186.6752996027
8.734375 1 22929.610696026
8.75 1 23698.1255277928
8.765625 1 24493.1220306688
8.78125 1 25315.5349532334
8.796875 1 26166.3327513287
8.8125 1 27046.518827171
8.828125 1 27957.1328148157
8.84375 1 28899.2519137427
8.859375 1 29873.9922723894
8.875 1 30882.5104235348
8.890625 1 31926.0047735073
8.90625 1 33005.717147269
8.921875 1 34122.9343915038
8.9375 1 35278.9900379258
8.953125 1 36475.2660291011
8.96875 1 37713.1945091747
8.984375 1 38994.2596819816
9 1 40319.9995590969
9.015625 1 41692.008676308
9.03125 1 43111.9391024128
9.046875 1 44581.5033010327
9.0625 1 46102.4761905048
9.078125 1 47676.6974640193
9.09375 1 49306.0739974115
9.109375 1 50992.5823479725
9.125 1 52738.2713477724
9.140625 1 54545.2647951272
9.15625 1 56415.7642479788
9.171875 1 58352.0519231107
9.1875 1 60356.4937052692
9.203125 1 62431.542270419
9.21875 1 64579.7403275338
9.234375 1 66803.7239834838
9.25 1 69106.2262357711
9.265625 1 71490.0805980423
9.28125 1 73958.2248635033
9.296875 1 76513.7050115606
9.3125 1 79159.6792632249
9.328125 1 81899.4222910278
9.34375 1 84736.3295894224
9.359375 1 87673.9220118876
9.375 1 90715.8504811809
9.390625 1 93865.9008794517
9.40625 1 97127.9991251902
9.421875 1 100506.216444243
9.4375 1 104004.774842445
9.453125 1 107628.052787675
9.46875 1 111380.59110948
9.484375 1 115267.099124721
9.5 1 119292.460998025
9.515625 1 123461.742346173
9.53125 1 127780.197095931
9.546875 1 132253.27460518
9.5625 1 136886.627057605
9.578125 1 141686.117141612
9.59375 1 146657.826024552
9.609375 1 151808.061633773
9.625 1 157143.367256488
9.640625 1 162670.530470893
9.65625 1 168396.592421506
9.671875 1 174328.857452152
9.6875 1 180474.903110621
9.703125 1 186842.590539513
9.71875 1 193440.075268411
9.734375 1 200275.818423102
9.75 1 207358.598368187
9.765625 1 214697.522800082
9.78125 1 222302.041308081
9.796875 1 230181.958421845
9.8125 1 238347.447164444
9.828125 1 246809.063130795
9.84375 1 255577.759112162
9.859375 1 264664.9002882
9.875 1 274082.280008871
9.890625 1 283842.136189463
9.90625 1 293957.168342864
9.921875 1 304440.555274198
9.9375 1 315305.973463962
9.953125 1 326567.616166795
9.96875 1 338240.213254161
9.984375 1 350339.051830304


0.015625 4.15006336281286
0.03125 3.44848911704994
0.046875 3.03498097008888
0.0625 2.73963161138143
0.078125 2.50918857772702
0.09375 2.3199277010192
0.109375 2.15919051277131
0.125 2.01941834734442
0.140625 1.89573345923467
0.15625 1.78480344331741
0.171875 1.68424978179977
0.1875 1.59231483071043
0.203125 1.50766255729333
0.21875 1.42925332982408
0.234375 1.35626200714692
0.25 1.28802251515743
0.265625 1.22398925299675
0.28125 1.16370954539721
0.296875 1.10680355136168
0.3125 1.05294933081101
0.328125 1.00187155716158
0.34375 0.953332856940169
0.359375 0.907127075027597
0.375 0.863073973346876
0.390625 0.821015011615264
0.40625 0.780809955348568
0.421875 0.742334123685059
0.4375 0.705476137352132
0.453125 0.670136061434348
0.46875 0.636223862617527
0.484375 0.603658119031139
0.5 0.572364934570578
0.515625 0.542277019950144
0.53125 0.513332910629305
0.546875 0.485476297814979
0.5625 0.458655453436564
0.578125 0.432822733654851
0.59375 0.407934148348516
0.609375 0.383948986304727
0.625 0.360829487661416
0.640625 0.338540556609152
0.65625 0.31704950854009
0.671875 0.296325846788364
0.6875 0.276341064887473
0.703125 0.257068470910832
0.71875 0.238483030989686
0.734375 0.220561229539696
0.75 0.203280944091058
0.765625 0.186621332920586
0.78125 0.170562733938789
0.796875 0.155086573498909
0.8125 0.140175283976298
0.828125 0.125812229119374
0.84375 0.111981636304248
0.859375 0.0986685349361789
0.875 0.0858587003364458
0.890625 0.0735386025349576
0.90625 0.0616953594592935
0.921875 0.0503166940717941
0.9375 0.0393908950588619
0.953125 0.0289067807222884
0.96875 0.0188536657623025
0.984375 0.00922133067655486
1 -1.09350976051914E-08
1.015625 -0.00881972054680919
1.03125 -0.0172467857497881
1.046875 -0.0252898246026789
1.0625 -0.032957110858347
1.078125 -0.0402565931985489
1.09375 -0.0471959131124192
1.109375 -0.0537824215330526
1.125 -0.0600231943354142
1.140625 -0.0659250467887834
1.15625 -0.0714945470482178
1.171875 -0.0767380287615267
1.1875 -0.0816616028612438
1.203125 -0.0862711686048002
1.21875 -0.0905724239203313
1.234375 -0.0945708751105424
1.25 -0.0982718459624626
1.265625 -0.101680486306708
1.28125 -0.104801780066295
1.296875 -0.107640552831553
1.3125 -0.110201478994666
1.328125 -0.112489088474667
1.34375 -0.114507773061187
1.359375 -0.116261792402925
1.375 -0.11775527966485
1.390625 -0.118992246876207
1.40625 -0.119976589989621
1.421875 -0.120712093670284
1.4375 -0.121202435832336
1.453125 -0.121451191938849
1.46875 -0.121461839079989
1.484375 -0.121237759843386
1.5 -0.120782245989367
1.515625 -0.120098501943048
1.53125 -0.119189648114205
1.546875 -0.118058724055279
1.5625 -0.116708691466998
1.578125 -0.115142437060597
1.59375 -0.113362775284771
1.609375 -0.111372450925298
1.625 -0.109174141584319
1.640625 -0.106770460046212
1.65625 -0.104163956536213
1.671875 -0.101357120877745
1.6875 -0.0983523845539377
1.703125 -0.0951521226785198
1.71875 -0.0917586558808909
1.734375 -0.0881742521099168
1.75 -0.0844011283607229
1.765625 -0.0804414523284588
1.78125 -0.0762973439927371
1.796875 -0.0719708771364376
1.8125 -0.0674640808019462
1.828125 -0.0627789406881757
1.84375 -0.0579174004911494
1.859375 -0.052881363191022
1.875 -0.0476726922880768
1.890625 -0.0422932129901641
1.90625 -0.036744713353959
1.921875 -0.0310289453821583
1.9375 -0.0251476260787092
1.953125 -0.0191024384640722
1.96875 -0.0128950325522778
1.984375 -0.0065270262915843
2 -1.09350976051914E-08
2.015625 0.00668446598915606
2.03125 0.0135248729169656
2.046875 0.0205197114286153
2.0625 0.0276675109580878
2.078125 0.0349668280390386
2.09375 0.042416245577268
2.109375 0.0500143721485909
2.125 0.0577598413209692
2.140625 0.0656513109999358
2.15625 0.0736874627962801
2.171875 0.0818670014151118
2.1875 0.0901886540654154
2.203125 0.0986511698892117
2.21875 0.107253319409589
2.234375 0.115993893996807
2.25 0.124871705351747
2.265625 0.133885585006059
2.28125 0.143034383838286
2.296875 0.152316971605373
2.3125 0.161732236488976
2.328125 0.171279084655978
2.34375 0.180956439832649
2.359375 0.190763242891986
2.375 0.200698451453684
2.390625 0.210761039496261
2.40625 0.220949996980972
2.421875 0.231264329486894
2.4375 0.241703057857033
2.453125 0.252265217854735
2.46875 0.262949859830343
2.484375 0.273756048397483
2.5 0.284682862118797
2.515625 0.295729393200663
2.53125 0.306894747196695
2.546875 0.318178042719639
2.5625 0.329578411161422
2.578125 0.341094996420991
2.59375 0.352726954639829
2.609375 0.364473453944666
2.625 0.376333674197382
2.640625 0.38830680675164
2.65625 0.400392054216182
2.671875 0.412588630224489
2.6875 0.42489575921061
2.703125 0.437312676190952
2.71875 0.449838626551853
2.734375 0.462472865842745
2.75 0.4752146595747
2.765625 0.48806328302421
2.78125 0.501018021042086
2.796875 0.514078167867141
2.8125 0.527243026944747
2.828125 0.540511910749909
2.84375 0.553884140614844
2.859375 0.567359046560836
2.875 0.580935967134297
2.890625 0.594614249246905
2.90625 0.608393248019626
2.921875 0.622272326630587
2.9375 0.636250856166656
2.953125 0.650328215478557
2.96875 0.664503791039528
2.984375 0.678776976807335
3 0.693147169624848
3.015625 0.707613786991156
3.03125 0.722176240012876
3.046875 0.736833951270095
3.0625 0.751586350184787
3.078125 0.76643287290112
3.09375 0.781372962168507
3.109375 0.796406067227349
3.125 0.811531643697349
3.140625 0.826749153468389
3.15625 0.842058064593813
3.171875 0.857457851186132
3.1875 0.872947993315048
3.203125 0.888527976907708
3.21875 0.904197293651178
3.234375 0.919955440897043
3.25 0.935801921568076
3.265625 0.951736244066961
3.28125 0.967757922186951
3.296875 0.983866475024438
3.3125 1.00006142689342
3.328125 1.01634230724176
3.34375 1.03270865056923
3.359375 1.04915999634724
3.375 1.06569588894029
3.390625 1.08231587752902
3.40625 1.09901951603493
3.421875 1.11580636304647
3.4375 1.1326759817469
3.453125 1.14962793984337
3.46875 1.16666180949764
3.484375 1.18377716725804
3.5 1.20097359399295
3.515625 1.21825067482545
3.53125 1.23560799906941
3.546875 1.25304516016673
3.5625 1.27056175562595
3.578125 1.2881573869619
3.59375 1.3058316596367
3.609375 1.32358418300175
3.625 1.34141457024097
3.640625 1.35932243831504
3.65625 1.37730740790677
3.671875 1.39536910336748
3.6875 1.41350715266439
3.703125 1.43172118732906
3.71875 1.45001084240671
3.734375 1.46837575640659
3.75 1.48681557125318
3.765625 1.50532993223837
3.78125 1.5239184879745
3.796875 1.54258089034822
3.8125 1.56131679447529
3.828125 1.58012585865606
3.84375 1.59900774433197
3.859375 1.61796211604258
3.875 1.63698864138361
3.890625 1.65608699096556
3.90625 1.67525683837315
3.921875 1.6944978601255
3.9375 1.71380973563693
3.953125 1.73319214717853
3.96875 1.75264477984034
3.984375 1.77216732149429
4 1.79175945829296
4.015625 1.81142089253637
4.03125 1.83115131571653
4.046875 1.85095042647417
4.0625 1.87081792605563
4.078125 1.89075351827944
4.09375 1.91075690950337
4.109375 1.93082780859217
4.125 1.95096592688571
4.140625 1.97117097816779
4.15625 1.99144267863535
4.171875 2.01178074686825
4.1875 2.03218490379959
4.203125 2.05265487268644
4.21875 2.07319037908109
4.234375 2.09379115080274
4.25 2.11445691790972
4.265625 2.1351874126721
4.28125 2.15598236954475
4.296875 2.17684152514083
4.3125 2.19776461820576
4.328125 2.21875138959152
4.34375 2.23980158223141
4.359375 2.26091494111523
4.375 2.28209121326478
4.390625 2.30333014770981
4.40625 2.32463149546435
4.421875 2.3459950095033
4.4375 2.36742044473959
4.453125 2.38890755800145
4.46875 2.41045610801025
4.484375 2.43206585535849
4.5 2.45373656248832
4.515625 2.4754679936702
4.53125 2.49725991498202
4.546875 2.51911209428846
4.5625 2.54102430122072
4.578125 2.56299630715647
4.59375 2.58502788520022
4.609375 2.60711881016387
4.625 2.62926885854761
4.640625 2.65147780852107
4.65625 2.6737454399048
4.671875 2.69607153415196
4.6875 2.71845587433033
4.703125 2.74089824510452
4.71875 2.76339843271851
4.734375 2.78595622497843
4.75 2.8085714112355
4.765625 2.83124378236935
4.78125 2.85397313077151
4.796875 2.8767592503291
4.8125 2.89960193640882
4.828125 2.92250098584112
4.84375 2.94545619690466
4.859375 2.96846736931089
4.875 2.99153430418892
4.890625 3.01465680407059
4.90625 3.03783467287573
4.921875 3.06106771589761
4.9375 3.08435573978868
4.953125 3.10769855254638
4.96875 3.13109596349921
4.984375 3.15454778329305
5 3.17805381941285
5.015625 3.20161389407192
5.03125 3.22522781727848
5.046875 3.24889540481404
5.0625 3.27261647371149
5.078125 3.29639084224246
5.09375 3.3202183299048
5.109375 3.34409875741026
5.125 3.36803194667236
5.140625 3.39201772079434
5.15625 3.41605590405737
5.171875 3.44014632190882
5.1875 3.46428880095078
5.203125 3.48848316892861
5.21875 3.51272925471979
5.234375 3.53702688832277
5.25 3.56137590084605
5.265625 3.58577612449739
5.28125 3.61022739257315
5.296875 3.63472953944773
5.3125 3.65928240056324
5.328125 3.68388581241918
5.34375 3.70853961256238
5.359375 3.73324363957692
5.375 3.75799773307436
5.390625 3.78280173368389
5.40625 3.80765548304279
5.421875 3.83255882378686
5.4375 3.85751159954112
5.453125 3.88251365491043
5.46875 3.90756483547043
5.484375 3.93266498775844
5.5 3.95781395926459
5.515625 3.98301159842296
5.53125 4.00825775460287
5.546875 4.03355227810028
5.5625 4.05889502012933
5.578125 4.08428583281386
5.59375 4.10972456917923
5.609375 4.13521108314402
5.625 4.160745229512
5.640625 4.1863268639641
5.65625 4.21195584305053
5.671875 4.23763202418298
5.6875 4.26335526562686
5.703125 4.28912542649372
5.71875 4.31494236673371
5.734375 4.34080594712812
5.75 4.36671602928205
5.765625 4.39267247561709
5.78125 4.41867514936422
5.796875 4.44472391455663
5.8125 4.47081863602272
5.828125 4.49695917937919
5.84375 4.52314541102418
5.859375 4.54937719813045
5.875 4.57565440863873
5.890625 4.60197691125108
5.90625 4.62834457542431
5.921875 4.65475727136358
5.9375 4.68121487001592
5.953125 4.70771724306398
5.96875 4.73426426291971
5.984375 4.76085580271822
6 4.78749173184695
6.015625 4.81417193384226
6.03125 4.84089627946321
6.046875 4.86766464467702
6.0625 4.89447690614415
6.078125 4.92133294121252
6.09375 4.94823262791183
6.109375 4.97517584494784
6.125 5.00216247169683
6.140625 5.02919238820004
6.15625 5.05626547515823
6.171875 5.08338161392622
6.1875 5.11054068650759
6.203125 5.13774257554938
6.21875 5.16498716433682
6.234375 5.19227433678816
6.25 5.21960397744958
6.265625 5.24697597149008
6.28125 5.27439020469649
6.296875 5.30184656346851
6.3125 5.32934493481377
6.328125 5.35688520634303
6.34375 5.38446726626531
6.359375 5.41209100338319
6.375 5.43975630708809
6.390625 5.46746306735557
6.40625 5.49521117474084
6.421875 5.52300052037405
6.4375 5.55083099595592
6.453125 5.57870249375319
6.46875 5.60661490659421
6.484375 5.63456812786463
6.5 5.66256205150302
6.515625 5.69059657199659
6.53125 5.71867158437697
6.546875 5.74678698421603
6.5625 5.77494266762169
6.578125 5.80313853123383
6.59375 5.83137447222026
6.609375 5.85965038827263
6.625 5.88796617760248
6.640625 5.91632173893731
6.65625 5.94471697151663
6.671875 5.97315177508816
6.6875 6.00162604990393
6.703125 6.03013969671654
6.71875 6.05869261677541
6.734375 6.08728471182302
6.75 6.11591588409131
6.765625 6.14458603629795
6.78125 6.17329507164282
6.796875 6.20204289380439
6.8125 6.23082940693619
6.828125 6.25965451566333
6.84375 6.28851812507904
6.859375 6.31742014074119
6.875 6.34636046866895
6.890625 6.37533901533941
6.90625 6.40435568768423
6.921875 6.43341039308633
6.9375 6.46250303937668
6.953125 6.49163353483101
6.96875 6.52080178816662
6.984375 6.55000770853919
7 6.579251201075
7.015625 6.60853218477037
7.03125 6.63785056556837
7.046875 6.66720625434713
7.0625 6.69659916240775
7.078125 6.7260292014713
7.09375 6.75549628367585
7.109375 6.78500032157354
7.125 6.81454122812762
7.140625 6.84411891670963
7.15625 6.87373330109649
7.171875 6.90338429546767
7.1875 6.9330718144024
7.203125 6.9627957728769
7.21875 6.99255608626158
7.234375 7.02235267031836
7.25 7.05218544119789
7.265625 7.08205431543698
7.28125 7.11195920995584
7.296875 7.14190004205552
7.3125 7.17187672941525
7.328125 7.2018891900899
7.34375 7.23193734250737
7.359375 7.26202110546611
7.375 7.29214039813258
7.390625 7.3222951400387
7.40625 7.35248525107952
7.421875 7.38271065151061
7.4375 7.41297126194578
7.453125 7.44326700335455
7.46875 7.47359779705986
7.484375 7.50396356473566
7.5 7.53436422840461
7.515625 7.56479971043572
7.53125 7.59526993354206
7.546875 7.62577482077849
7.5625 7.65631429553943
7.578125 7.68688828155654
7.59375 7.7174967028966
7.609375 7.74813948395923
7.625 7.77881654947477
7.640625 7.80952782450205
7.65625 7.84027323442633
7.671875 7.87105270495711
7.6875 7.90186616212605
7.703125 7.93271353228489
7.71875 7.96359474210334
7.734375 7.9945097185671
7.75 8.02545838897575
7.765625 8.05644068094076
7.78125 8.08745652238355
7.796875 8.1185058415334
7.8125 8.14958856692555
7.828125 8.18070462739925
7.84375 8.21185395209581
7.859375 8.24303647045669
7.875 8.27425211222159
7.890625 8.30550080742659
7.90625 8.33678248640225
7.921875 8.36809707977179
7.9375 8.39944451844924
7.953125 8.43082473363758
7.96875 8.46223765682701
7.984375 8.49368321979309
8 8.52516135013032
8.015625 8.55667198915296
8.03125 8.58821506497307
8.046875 8.61979051049014
8.0625 8.65139825888031
8.078125 8.68303824359466
8.09375 8.71471039835753
8.109375 8.74641465716482
8.125 8.77815095428234
8.140625 8.80991922424417
8.15625 8.841719401851
8.171875 8.87355142216854
8.1875 8.90541522052587
8.203125 8.93731073251388
8.21875 8.96923789398365
8.234375 9.00119664104492
8.25 9.03318691006447
8.265625 9.06520863766466
8.28125 9.09726176072182
8.296875 9.12934621636475
8.3125 9.16146194197323
8.328125 9.1936088751765
8.34375 9.2257869538518
8.359375 9.25799611612286
8.375 9.29023630035846
8.390625 9.32250744517096
8.40625 9.35480948941493
8.421875 9.38714237218558
8.4375 9.41950603281753
8.453125 9.45190041088322
8.46875 9.48432544619164
8.484375 9.5167810787869
8.5 9.54926724894688
8.515625 9.58178389718181
8.53125 9.61433096423298
8.546875 9.64690839107139
8.5625 9.67951611889639
8.578125 9.71215408913435
8.59375 9.74482224343742
8.609375 9.77752052368215
8.625 9.81024887196824
8.640625 9.84300723061725
8.65625 9.87579554217133
8.671875 9.90861374939196
8.6875 9.94146179525869
8.703125 9.97433962296791
8.71875 10.0072471759316
8.734375 10.0401843977761
8.75 10.073151232341
8.765625 10.1061476236777
8.78125 10.1391735160485
8.796875 10.1722288539252
8.8125 10.2053135819881
8.828125 10.2384276451244
8.84375 10.2715709884279
8.859375 10.3047435571968
8.875 10.3379452969333
8.890625 10.3711761533423
8.90625 10.40443607233
8.921875 10.4377250000033
8.9375 10.471042882668
8.953125 10.5043896668284
8.96875 10.5377652991857
8.984375 10.5711697266371
9 10.6046028918102
9.015625 10.6380647509641
9.03125 10.6715552470686
9.046875 10.7050743277942
9.0625 10.7386219410022
9.078125 10.7721980347434
9.09375 10.8058025572573
9.109375 10.839435456971
9.125 10.8730966824981
9.140625 10.9067861826379
9.15625 10.940503906374
9.171875 10.9742498028738
9.1875 11.0080238214872
9.203125 11.0418259117458
9.21875 11.0756560233617
9.234375 11.1095141062266
9.25 11.1434001104111
9.265625 11.1773139861633
9.28125 11.2112556839083
9.296875 11.245225154247
9.3125 11.2792223479552
9.328125 11.3132472159827
9.34375 11.3472997094523
9.359375 11.3813797796592
9.375 11.4154873780696
9.390625 11.4496224563202
9.40625 11.483784966217
9.421875 11.5179748597349
9.4375 11.5521920890162
9.453125 11.58643660637
9.46875 11.6207083642716
9.484375 11.6550073153612
9.5 11.6893334124431
9.515625 11.7236866084854
9.53125 11.7580668566182
9.546875 11.7924741101337
9.5625 11.8269083224847
9.578125 11.8613694472842
9.59375 11.8958574383043
9.609375 11.9303722494754
9.625 11.9649138348857
9.640625 11.9994821487799
9.65625 12.0340771455589
9.671875 12.0686987797787
9.6875 12.1033470061496
9.703125 12.1380217795355
9.71875 12.1727230549532
9.734375 12.2074507875715
9.75 12.2422049327105
9.765625 12.2769854458407
9.78125 12.3117922825826
9.796875 12.3466253987053
9.8125 12.3814847501265
9.828125 12.4163702929112
9.84375 12.4512819832714
9.859375 12.4862197775648
9.875 12.5211836322948
9.890625 12.5561735041089
9.90625 12.591189349799
9.921875 12.6262311262996
9.9375 12.6612987906882
9.953125 12.6963923001835
9.96875 12.7315116121456
9.984375 12.7666566840748
