10 2
10.0295814568966 2.08786930809754
10.0581667722847 2.17104352265008
10.0861466059273 2.25073759861966
10.113754543409 2.32764502361991
10.1411325600058 2.40215960808301
10.1683678493029 2.4744989101396
10.1955143120196 2.54477543473287
10.222605405193 2.61303869502123
10.2496619496635 2.67930044484493
10.2766969234716 2.74354996346843
10.30371842425 2.80576337136559
10.3307315076961 2.86590933066701
10.3577393315429 2.92395254334641
10.3847438685623 2.9798559034658
10.4117463514201 3.03358182532342
10.4387475504088 3.08509306653241
10.4657479469127 3.13435324138338
10.4927478417784 3.18132714418611
10.5197474230275 3.22598095592535
10.5467468081707 3.26828237913965
10.5737460706511 3.3082007285024
10.6007452563702 3.34570699390162
10.6277443940162 3.38077388627257
10.6547435015192 3.41337587243355
10.6817425900856 3.44348920272844
10.7087416667191 3.47109193378572
10.7357407357974 3.49616394779287
10.7627398000562 3.5186869691309
10.7897388612055 3.53864457887705
10.8167379203141 3.55602222747942
10.8437369780498 3.57080724578412
10.8707360348302 3.58298885452121
10.8977350909161 3.59255817231101
10.9247341464707 3.59950822222633
10.9517332015958 3.60383393693022
10.9787322563552 3.60553216240033
11.0057313107886 3.60460166024586
11.0327303649209 3.60104310862047
11.0597294187678 3.59485910173373
11.0867284723389 3.58605414796301
11.1137275256402 3.57463466656849
11.1407265786757 3.56060898301406
11.1677256314476 3.54398732289811
11.1947246839574 3.52478180449859
11.2217237362062 3.5030064299381
11.2487227881943 3.47867707497535
11.2757218399223 3.45181147743066
11.3027208913904 3.42242922425369
11.3297199425986 3.39055173724314
11.356718993547 3.35620225742863
11.3837180442358 3.31940582812617
11.410717094665 3.28018927667967
11.4377161448345 3.23858119490175
11.4647151947444 3.19461191822808
11.4917142443948 3.14831350360047
11.5187132937855 3.09971970609491
11.5457123429167 3.04886595431139
11.5727113917882 2.99578932454378
11.5997104404002 2.94052851374819
11.6267094887526 2.88312381132995
11.6537085368454 2.82361706976936
11.6807075846786 2.762051674108
11.7077066322522 2.69847251031754
11.7347056795663 2.63292593257438
11.7617047266207 2.56545972946372
11.7887037734156 2.49612308913791
11.8157028199509 2.42496656345438
11.8427018662266 2.3520420311193
11.8697009122428 2.27740265986391
11.8966999579993 2.20110286768093
11.9236990034963 2.12319828314958
11.9506980487336 2.04374570487785
11.9776970937114 1.9628030600918
12.0046961384296 1.88042936240198
12.0316951828883 1.79668466877776
12.0586942270873 1.71163003576103
12.0856932710268 1.62532747495104
12.1126923147066 1.537839907793
12.1396913581269 1.44923111970331
12.1666904012876 1.35956571356484
12.1936894441888 1.26890906262624
12.2206884868303 1.17732726283961
12.2476875292122 1.08488708467124
12.2746865713346 0.991655924420515
12.3016856131974 0.897701755082659
12.3286846548006 0.803093076790893
12.3556836961442 0.707898866874345
12.3826827372283 0.612188529568008
12.4096817780527 0.516031845411458
12.4366808186176 0.419498920373209
12.4636798589229 0.322660134737805
12.4906788989686 0.225586091792908
12.5176779387547 0.128347566353796
12.5446769782813 0.0310154531628053
12.5716760175482 -0.0663392847986694
12.5986750565556 -0.16364566804793
12.6256740953034 -0.260832752350762
12.6526731337916 -0.357829680445521
12.6796721720202 -0.454565733703821
12.7066712099892 -0.55097038369014
12.7336702476987 -0.646973343582766
12.7606692851486 -0.742504619418594
12.7876683223389 -0.837494561124401
12.8146673592696 -0.9318739132974
12.8416663959407 -1.02557386569806
12.8686654323522 -1.11852610341835
12.8956644685042 -1.21066285668886
12.9226635043966 -1.30191695028849
12.9496625400293 -1.39222185252064
12.9766615754026 -1.4815117237202
13.0036606105162 -1.56972146425611
13.0306596453702 -1.65678676199418
13.0576586799647 -1.742644139186
13.0846577142996 -1.8272309987493
13.1116567483749 -1.91048566990638
13.1386557821906 -1.99234745314712
13.1656548157467 -2.07275666448391
13.1926538490433 -2.15165467896612
13.2196528820802 -2.22898397342254
13.2466519148576 -2.30468816840041
13.2736509473754 -2.3787120692707
13.3006499796336 -2.45100170646954
13.3276490116323 -2.52150437484642
13.3546480433713 -2.5901686720906
13.3816470748508 -2.6569445362076
13.4086461060707 -2.72178328201854
13.435645137031 -2.78463763665561
13.4626441677317 -2.84546177402794
13.4896431981728 -2.90421134823253
13.5166422283544 -2.96084352588617
13.5436412582764 -3.01531701735444
13.5706402879388 -3.06759210685531
13.5976393173416 -3.11763068141527
13.6246383464848 -3.16539625865679
13.6516373753684 -3.2108540133971
13.6786364039925 -3.25397080303858
13.705635432357 -3.29471519173252
13.7326344604619 -3.3330574732985
13.7596334883072 -3.36896969288268
13.7866325158929 -3.40242566733925
13.8136315432191 -3.43340100432018
13.8406305702857 -3.46187312005929
13.8676295970926 -3.48782125583779
13.8946286236401 -3.5112264931191
13.9216276499279 -3.53207176734219
13.9486266759561 -3.55034188036306
13.9756257017248 -3.56602351153559
14.0026247272339 -3.57910522742344
14.0296237524834 -3.58957749013607
14.0566227774733 -3.59743266428279
14.0836218022036 -3.60266502253962
14.1106208266744 -3.6052707498252
14.1376198508855 -3.60524794608232
14.1646188748371 -3.60259662766338
14.1916178985291 -3.59731872731859
14.2186169219616 -3.58941809278698
14.2456159451344 -3.57890048399118
14.2726149680477 -3.56577356883815
14.2996139907013 -3.55004691762872
14.3266130130954 -3.53173199608026
14.35361203523 -3.51084215696737
14.3806110571049 -3.48739263038671
14.4076100787202 -3.46140051265324
14.434609100076 -3.43288475383571
14.4616081211722 -3.40186614394067
14.4886071420088 -3.36836729775503
14.5156061625858 -3.33241263835818
14.5426051829033 -3.29402837931575
14.5696042029612 -3.25324250556791
14.5966032227594 -3.21008475302625
14.6236022422981 -3.16458658689404
14.6506012615773 -3.11678117872569
14.6776002805968 -3.06670338224215
14.7045992993568 -3.01438970791988
14.7315983178571 -2.9598782963719
14.7585973360979 -2.90320889054034
14.7855963540792 -2.84442280672078
14.8125953718008 -2.78356290443947
14.8395943892629 -2.72067355520543
14.8665934064653 -2.65580061016014
14.8935924234082 -2.58899136664855
14.9205914400915 -2.5202945337356
14.9475904565153 -2.44976019669355
14.9745894726794 -2.37743978048587
15.001588488584 -2.30338601227449
15.028587504229 -2.22765288297753
15.0555865196144 -2.15029560790572
15.0825855347402 -2.07137058650615
15.1095845496064 -1.9909353612426
15.1365835642131 -1.90904857564263
15.1635825785602 -1.82576993154181
15.1905815926477 -1.74116014555644
15.2175806064756 -1.65528090481633
15.244579620044 -1.56819482199007
15.2715786333527 -1.47996538963544
15.2985776464019 -1.39065693390839
15.3255766591915 -1.30033456766415
15.3525756717215 -1.20906414298488
15.3795746839919 -1.11691220316831
15.4065736960028 -1.02394593421241
15.4335727077541 -0.930233115831493
15.4605717192458 -0.8358420720395
15.4875707304779 -0.740841621336363
15.5145697414504 -0.645301026533893
15.5415687521634 -0.549289944257725
15.5685677626168 -0.452878374162126
15.5955667728106 -0.356136607894713
15.6225657827448 -0.259135177848282
15.6495647924194 -0.161944805737114
15.6765638018345 -0.0646363510352389
15.7035628109899 0.0327192406857276
15.7305618198858 0.130050989481531
15.7575608285221 0.227287932785284
15.7845598368989 0.324359177144805
15.811558845016 0.421193949909572
15.8385578528736 0.517721650829601
15.8655568604716 0.613871903528637
15.89255586781 0.70957460681412
15.9195548748888 0.804759985786532
15.9465538817081 0.899358642710841
15.9735528882678 0.993301607612977
16.0005518945678 1.08652038856443
16.0275509006084 1.1789470216183
16.0545499063893 1.27051412036049
16.0815489119106 1.36115492503969
16.1085479171724 1.45080335124062
16.1355469221746 1.53939403806482
16.1625459269172 1.62686239578396
16.1895449314003 1.71314465293091
16.2165439356237 1.79817790279425
16.2435429395876 1.88190014928229
16.2705419432919 1.96425035212315
16.2975409467366 2.04516847136805
16.3245399499217 2.12459551116521
16.3515389528473 2.20247356277258
16.3785379555133 2.27874584677794
16.4055369579197 2.35335675449563
16.4325359600665 2.42625188850982
16.4595349619537 2.49737810233451
16.4865339635814 2.56668353916168
16.5135329649494 2.634117669669
16.5405319660579 2.69963132885985
16.5675309669069 2.76317675190853
16.5945299674962 2.82470760898467
16.621528967826 2.88417903903148
16.6485279678961 2.94154768247302
16.6755269677067 2.99677171282689
16.7025259672578 3.04981086719915
16.7295249665492 3.10062647563919
16.7565239655811 3.14918148933332
16.7835229643534 3.19544050761637
16.8105219628661 3.23936980378167
16.8375209611192 3.28093734967055
16.8645199591127 3.32011283902358
16.8915189568467 3.35686770957626
16.9185179543211 3.3911751638833
16.9455169515359 3.42301018885617
16.9725159484911 3.45234957399977
16.9995149451868 3.47917192833475
17.0265139416229 3.50345769599341
17.0535129377994 3.52518917047754
17.0805119337163 3.54435050756797
17.1075109293736 3.56092773687642
17.1345099247714 3.57490877203106
17.1615089199095 3.58628341948863
17.1885079147881 3.59504338596639
17.2155069094072 3.60118228448872
17.2425059037666 3.60469563904389
17.2695048978665 3.60558088784749
17.2965038917068 3.60383738521034
17.3235028852875 3.59946640200933
17.3505018786086 3.59247112476105
17.3775008716701 3.58285665329861
17.4044998644721 3.57062999705365
17.4314988570145 3.555800069946
17.4584978492973 3.53837768388488
17.4854968413205 3.5183755408863
17.5124958330842 3.4958082238124
17.5394948245883 3.47069218573953
17.5664938158328 3.44304573796278
17.5934928068177 3.41288903664576
17.620491797543 3.38024406812528
17.6474907880088 3.34513463288172
17.674489778215 3.3075863281867
17.7014887681616 3.26762652944083
17.7284877578486 3.22528437021499
17.7554867472761 3.18059072100979
17.7824857364439 3.13357816674868
17.8094847253522 3.08428098302111
17.836483714001 3.03273511109305
17.8634827023901 2.97897813170309
17.8904816905197 2.92304923766326
17.9174806783896 2.86498920528452
17.944479666 2.80484036464776
17.9714786533509 2.7426465687419
17.9984776404421 2.67845316149182
18.0254766272738 2.61230694469911
18.0524756138459 2.54425614392007
18.0794746001584 2.47435037330555
18.1064735862113 2.4026405994285
18.1334725720047 2.32917910412538
18.1604715575385 2.25401944637879
18.1874705428127 2.1772164232688
18.2144695278273 2.09882603002173
18.2414685125823 2.01890541918533
18.2684674970778 1.93751285896016
18.2954664813137 1.85470769071767
18.32246546529 1.7705502857357
18.3494644490067 1.68510200118323
18.3764634324639 1.59842513538627
18.4034624156615 1.51058288240761
18.4304613985995 1.42163928597344
18.4574603812779 1.33165919278057
18.4844593636968 1.24070820521819
18.511458345856 1.14885263353864
18.5384573277557 1.05615944751216
18.5654563093958 0.962696227600727
18.5924552907764 0.868531115686692
18.6194542718973 0.773732765392071
18.6464532527587 0.678370292024757
18.6734522333605 0.582513222188104
18.7004512137027 0.48623144309066
18.7274501937854 0.389595151592975
18.7544491736085 0.292674803028656
18.781448153172 0.195541059836964
18.8084471324759 0.0982647400444208
18.8354461115202 0.000916765632973077
18.862445090305 -0.0964318891676369
18.8894440688302 -0.193710249625594
18.9164430470958 -0.290847392253104
18.9434420251018 -0.387772496515124
18.9704410028483 -0.484414896463042
18.9974399803351 -0.580704132255645
19.0244389575624 -0.676570001529831
19.0514379345302 -0.77194261058359
19.0784369112383 -0.866752425333961
19.1054358876869 -0.960930322012792
19.1324348638759 -1.05440763756336
19.1594338398053 -1.14711621970109
19.1864328154751 -1.23898847660188
19.2134317908854 -1.32995742618184
19.2404307660361 -1.41995674493244
19.2674297409272 -1.50892081627555
19.2944287155587 -1.59678477840302
19.3214276899307 -1.68348457156605
19.348426664043 -1.76895698477976
19.3754256378959 -1.85313970190891
19.4024246114891 -1.93597134710128
19.4294235848227 -2.01739152953547
19.4564225578968 -2.09734088745055
19.4834215307113 -2.17576113142543
19.5104205032662 -2.25259508687646
19.5374194755616 -2.32778673574213
19.5644184475973 -2.40128125732474
19.5914174193735 -2.47302506825893
19.6184163908901 -2.54296586157819
19.6454153621472 -2.61105264485081
19.6724143331446 -2.67723577735734
19.6994133038825 -2.7414670062826
19.7264122743608 -2.80369950189585
19.7534112445795 -2.8638878916933
19.7804102145387 -2.92198829347834
19.8074091842383 -2.97795834735509
19.8344081536783 -3.03175724661217
19.8614071228587 -3.08334576747401
19.8884060917795 -3.13268629769815
19.9154050604408 -3.17974286399755
19.9424040288425 -3.224481158268
19.9694029969846 -3.26686856260149
19.9964019648672 -3.30687417306727
20.0234009324901 -3.34446882224336
20.0503998998535 -3.3796251004819
20.0773988669574 -3.41231737589305
20.1043978338016 -3.44252181303272
20.1313968003863 -3.47021639028057
20.1583957667113 -3.49538091589558
20.1853947327769 -3.51799704273748
20.2123936985828 -3.5380482816434
20.2393926641292 -3.55552001344982
20.2663916294159 -3.5703994996512
20.2933905944432 -3.58267589168747
20.3203895592108 -3.59234023885354
20.3473885237188 -3.59938549482525
20.3743874879673 -3.60380652279675
20.4013864519562 -3.60560009922576
20.4283854156856 -3.60476491618392
20.4553843791553 -3.60130158231051
20.4823833423655 -3.5952126223688
20.5093823053161 -3.58650247540542
20.5363812680071 -3.57517749151413
20.5633802304386 -3.5612459272062
20.5903791926105 -3.5447179393909
20.6173781545228 -3.5256055779705
20.6443771161755 -3.50392277705502
20.6713760775686 -3.4796853448034
20.6983750387022 -3.45291095189819
20.7253739995762 -3.42361911866244
20.7523729601906 -3.39183120082798
20.7793719205455 -3.35757037396558
20.8063708806408 -3.3208616165883
20.8333698404765 -3.28173169194036
20.8603688000526 -3.24020912848481
20.8873677593691 -3.19632419910417
20.9143667184261 -3.15010889902936
20.9413656772235 -3.10159692251278
20.9683646357613 -3.05082363826274
20.9953635940396 -2.99782606365709
21.0223625520582 -2.94264283775483
21.0493615098173 -2.88531419312535
21.0763604673168 -2.82588192651595
21.1033594245568 -2.7643893683789
21.1303583815372 -2.70088135128029
21.157357338258 -2.63540417721383
21.1843562947192 -2.56800558384319
21.2113552509208 -2.49873470969772
21.2383542068629 -2.42764205834676
21.2653531625454 -2.35477946157882
21.2923521179683 -2.28020004161229
21.3193510731317 -2.20395817236537
21.3463500280354 -2.12610943981343
21.3733489826796 -2.04671060146266
21.4003479370643 -1.96581954496958
21.4273468911893 -1.88349524593661
21.4543458450548 -1.79979772491439
21.4813447986607 -1.71478800364233
21.508343752007 -1.62852806055915
21.5353427050937 -1.5410807856159
21.5623416579209 -1.45250993442451
21.5893406104885 -1.36288008177509
21.6163395627965 -1.27225657455606
21.643338514845 -1.18070548411134
21.6703374666339 -1.08829355806931
21.6973364181632 -0.995088171678825
21.7243353694329 -0.901157278687477
21.7513343204431 -0.80656936179823
21.7783332711936 -0.711393382740324
21.8053322216846 -0.615698731990963
21.8323311719161 -0.519555178184392
21.8593301218879 -0.423032817245281
21.8863290716002 -0.326202021283479
21.9133280210529 -0.229133387287406
21.940326970246 -0.131897685653496
21.9673259191796 -0.034565808589197
21.9943248678536 0.0627912815728254
22.021323816268 0.160102604111627
22.0483227644228 0.257297211668323
22.0753217123181 0.354304241972114
22.1023206599538 0.451052969504267
22.1293196073299 0.547472857062408
22.1563185544464 0.643493607187514
22.1833175013034 0.739045213416116
22.2103164479008 0.834058011320347
22.2373153942386 0.928462729298624
22.2643143403168 1.02219053907993
22.2913132861355 1.11517310590489
22.3183122316946 1.20734263834701
22.3453111769941 1.2986319377378
22.3723101220341 1.3889744471598
22.3993090668145 1.47830429997157
22.4263080113353 1.56655636782961
22.4533069555965 1.65366630817184
22.4803058995981 1.73957061112828
22.5073048433402 1.82420664582462
22.5343037868227 1.90751270604494
22.5613027300457 1.98942805522024
22.588301673009 2.06989297071012
22.6153006157128 2.14884878734512
22.642299558157 2.22623794019817
22.6692985003417 2.30200400655387
22.6962974422667 2.37609174704494
22.7232963839322 2.44844714592605
22.7502953253381 2.51901745045539
22.7772942664845 2.58775120935556
22.8042932073712 2.6545983103255
22.8312921479984 2.71951001657622
22.8582910883661 2.78243900236373
22.8852900284741 2.84333938749313
22.9122889683226 2.90216677076891
22.9392879079115 2.95887826236678
22.9662868472408 3.01343251510378
22.9932857863106 3.06578975458354
23.0202847251208 3.11591180819495
23.0472836636714 3.16376213294298
23.0742826019624 3.20930584209139
23.1012815399939 3.25250973059789
23.1282804777658 3.29334229932325
23.1552794152781 3.33177377799664
23.1822783525308 3.36777614692054
23.209277289524 3.40132315739932
23.2362762262576 3.43239035087663
23.2632751627316 3.46095507676766
23.2902740989461 3.48699650897322
23.317273034901 3.51049566106368
23.3442719705963 3.53143540012162
23.371270906032 3.54980045923315
23.3982698412082 3.56557744861872
23.4252687761247 3.57875486539548
23.4522677107818 3.58932310196378
23.4792666451792 3.59727445301204
23.5062655793171 3.60260312113455
23.5332645131954 3.60530522105841
23.5602634468141 3.60537878247628
23.5872623801733 3.60282375148299
23.6142613132728 3.597641990615
23.6412602461128 3.58983727749259
23.6682591786933 3.57941530206577
23.6952581110141 3.56638366246609
23.7222570430754 3.55075185946709
23.7492559748771 3.53253128955764
23.7762549064193 3.51173523663324
23.8032538377019 3.48837886231109
23.8302527687249 3.46247919487633
23.8572516994883 3.43405511686724
23.8842506299921 3.40312735130856
23.9112495602364 3.36971844660297
23.9382484902211 3.33385276009176
23.9652474199463 3.2955564402966
23.9922463494118 3.2548574078554
24.0192452786178 3.21178533516623
24.0462442075643 3.166371624754
24.0732431362511 3.1186493863758
24.1002420646784 3.0686534128815
24.1272409928461 3.01642015484725
24.1542399207542 2.96198769400044
24.1812388484028 2.90539571545531
24.2082377757918 2.84668547877968
24.2352367029212 2.78589978791371
24.262235629791 2.72308295996274
24.2892345564013 2.65828079288689
24.316233482752 2.59154053211103
24.3432324088431 2.5229108360794
24.3702313346747 2.45244174078007
24.3972302602467 2.38018462326506
24.4242291855591 2.3061921641927
24.4512281106119 2.23051830941956
24.4782270354052 2.15321823067003
24.5052259599389 2.07434828531199
24.532224884213 1.99396597526826
24.5592238082276 1.91212990509339
24.5862227319825 1.82889973924668
24.613221655478 1.74433615859239
24.6402205787138 1.65850081615892
24.6672195016901 1.57145629218922
24.6942184244068 1.48326604851517
24.7212173468639 1.39399438228921
24.7482162690614 1.30370637910702
24.7752151909994 1.21246786555528
24.8022141126778 1.12034536121921
24.8292130340967 1.02740603018492
24.8562119552559 0.933717632071779
24.8832108761556 0.839348472630677
24.9102097967958 0.744367353944051
24.9372087171763 0.648843524264076
24.9642076372973 0.552846627525563
24.9912065571587 0.45644665257036
25.0182054767605 0.359713882120298
25.0452043961028 0.262718841535872
25.0722033151855 0.165532247398014
25.0992022340086 0.0682249559504531
25.1262011525722 -0.0291320885597511
25.1532000708762 -0.12646790560584
25.1801989889206 -0.223711530131438
25.2071979067054 -0.320792064289364
25.2341968242307 -0.417638729131437
25.2611957414964 -0.5141809162116
25.2881946585025 -0.610348239064744
25.3151935752491 -0.706070584523685
25.342192491736 -0.801278163836893
25.3691914079635 -0.895901563549699
25.3961903239313 -0.989871796111889
25.4231892396396 -1.08312035017478
25.4501881550883 -1.17557924054111
25.4771870702774 -1.26718105773133
25.504185985207 -1.35785901713018
25.531184899877 -1.44754700767761
25.5581838142874 -1.53617964006879
25.5851827284382 -1.62369229442772
25.6121816423295 -1.71002116742001
25.6391805559612 -1.7951033187703
25.6661794693333 -1.87887671715044
25.6931783824459 -1.96128028540497
25.7201772952989 -2.04225394508097
25.7471762078923 -2.12173866022979
25.7741751202262 -2.19967648044866
25.8011740323005 -2.27601058313093
25.8281729441152 -2.35068531489403
25.8551718556703 -2.42364623215496
25.8821707669659 -2.49484014082381
25.9091696780019 -2.56421513508625
25.9361685887783 -2.63172063524679
25.9631674992952 -2.69730742460521
25.9901664095525 -2.7609276853393
26.0171653195502 -2.82253503336763
26.0441642292883 -2.8820845521671
26.0711631387669 -2.93953282552051
26.0981620479859 -2.99483796917027
26.1251609569454 -3.04795966135522
26.1521598656452 -3.0988591722083
26.1791587740855 -3.14749939199358
26.2061576822663 -3.19384485816208
26.2331565901874 -3.23786178120673
26.260155497849 -3.27951806929753
26.287154405251 -3.31878335167892
26.3141533123935 -3.35562900081249
26.3411522192764 -3.39002815324862
26.3681511258997 -3.42195572921207
26.3951500322634 -3.4513884508871
26.4221489383676 -3.47830485938882
26.4491478442122 -3.50268533040842
26.4761467497972 -3.52451208852088
26.5031456551227 -3.54376922014464
26.5301445601885 -3.56044268514396
26.5571434649949 -3.57452032706529
26.5841423695416 -3.58599188200036
26.6111412738288 -3.59484898606942
26.6381401778564 -3.60108518151932
26.6651390816244 -3.60469592143174
26.6921379851329 -3.60567857303837
26.7191368883818 -3.60403241964057
26.7461357913711 -3.59975866113193
26.7731346941009 -3.59286041312368
26.8001335965711 -3.58334270467323
26.8271324987817 -3.57121247461778
26.8541314007328 -3.55647856651553
26.8811303024242 -3.53915172219817
26.9081292038562 -3.51924457393944
26.9351281050285 -3.4967716352454
26.9621270059413 -3.47174929027312
26.9891259065945 -3.44419578188559
27.0161248069881 -3.41413119835139
27.0431237071222 -3.38157745869905
27.0701226069967 -3.34655829673655
27.0971215066116 -3.30909924374778
27.124120405967 -3.26922760987845
27.1511193050628 -3.2269724642251
27.178118203899 -3.18236461364177
27.2051171024756 -3.13543658027957
27.2321160007927 -3.08622257787584
27.2591148988502 -3.03475848680986
27.2861137966482 -2.98108182794362
27.3131126941865 -2.92523173526638
27.3401115914653 -2.8672489273633
27.3671104884846 -2.80717567772865
27.3941093852443 -2.74505578394551
27.4211082817444 -2.68093453575414
27.4481071779849 -2.61485868203261
27.4751060739658 -2.5468763967135
27.5021049696872 -2.47703724366168
27.5291038651491 -2.40539214053873
27.5561027603513 -2.33199332168031
27.583101655294 -2.25689430001359
27.6101005499771 -2.18014982804251
27.6370994444007 -2.10181585792927
27.6640983385646 -2.02194950070121
27.691097232469 -1.94060898461273
27.7180961261139 -1.85785361269275
27.7450950194992 -1.77374371950854
27.7720939126249 -1.68834062717744
27.799092805491 -1.60170660065865
27.8260916980976 -1.51390480235758
27.8530905904446 -1.42499924607592
27.880089482532 -1.33505475034094
27.9070883743599 -1.24413689114809
27.9340872659282 -1.15231195415141
27.9610861572369 -1.05964688633646
27.988085048286 -0.966209247211133
28.0150839390756 -0.872067159549891
28.0420828296056 -0.777289259727331
28.0690817198761 -0.681944647677297
28.096080609887 -0.586102836514018
28.1230794996383 -0.489833701852007
28.15007838913 -0.393207430861676
28.1770772783622 -0.296294471097787
28.2040761673348 -0.199165479138076
28.2310750560479 -0.101891269069473
28.2580739445013 -0.00454276085948542
28.2850728326952 0.0928090713496127
28.3120717206296 0.190093250986095
28.3390706083044 0.287238850795867
28.3660694957196 0.3841750445536
28.3930683828752 0.48083115870021
28.4200672697712 0.577136723869027
28.4470661564077 0.673021526263109
28.4740650427847 0.768415658846216
28.501063928902 0.863249572310142
28.5280628147598 0.957454125781244
28.5550617003581 1.05096063722918
28.5820605856967 1.14370093354115
28.6090594707758 1.23560740022504
28.6360583555953 1.32661303070537
28.6630572401553 1.41665147517601
28.6900561244557 1.50565708897397
28.7170550084965 1.59356498043926
28.7440538922777 1.68031105822561
28.7710527757994 1.76583207802779
28.7980516590615 1.85006568869135
28.8250505420641 1.93295047767116
28.8520494248071 2.01442601580573
28.8790483072905 2.09443290137446
28.9060471895143 2.1729128034059
28.9330460714786 2.2498085042053
28.9600449531833 2.32506394107056
28.9870438346284 2.39862424716604
29.014042715814 2.47043579152456
29.04104159674 2.54044621814835
29.0680404774065 2.6086044841804
29.0950393578133 2.67486089711853
29.1220382379607 2.7391671510449
29.1490371178484 2.80147636184459
29.1760359974766 2.86174310138762
29.2030348768452 2.91992343064943
29.2300337559542 2.97597493174573
29.2570326348037 3.02985673885826
29.2840315133936 3.08152956802906
29.3110303917239 3.1309557458014
29.3380292697947 3.17809923668659
29.3650281476059 3.22292566943651
29.3920270251575 3.26540236210289
29.4190259024496 3.30549834586489
29.4460247794821 3.34318438760773
29.473023656255 3.37843301123588
29.5000225327684 3.41121851770516
29.5270214090222 3.44151700375939
29.5540202850164 3.46930637935769
29.5810191607511 3.49456638377978
29.6080180362262 3.51727860039769
29.6350169114417 3.53742647010291
29.6620157863977 3.55499530337928
29.6890146610941 3.56997229101283
29.7160135355309 3.58234651343077
29.7430124097082 3.59210894866275
29.7700112836259 3.59925247891864
29.797010157284 3.60377189577807
29.8240090306826 3.60566390398781
29.8510079038215 3.60492712386446
29.878006776701 3.60156209230037
29.9050056493208 3.5955712623724
29.9320045216811 3.58695900155355
29.9590033937819 3.57573158852887
29.986002265623 3.56189720861801
30.0130011372046 3.54546594780762
30.0400000085267 3.52644978539809
30.0669988795891 3.50486258526989
30.093997750392 3.48072008577594
30.1209966209354 3.45403988826731
30.1479954912191 3.42484144426076
30.1749943612433 3.39314604125723
30.201993231008 3.35897678722189
30.228992100513 3.32235859373691
30.2559909697585 3.28331815783917
30.2829898387445 3.24188394255642
30.3099887074708 3.19808615615572
30.3369875759376 3.15195673011963
30.3639864441449 3.10352929586593
30.3909853120925 3.05283916022803
30.4179841797806 2.99992327971389
30.4449830472092 2.94482023356216
30.4719819143782 2.88757019561526
30.4989807812876 2.82821490502989
30.5259796479374 2.76679763584628
30.5529785143277 2.7033631654384
30.5799773804584 2.63795774186821
30.6069762463295 2.57062905016752
30.6339751119411 2.50142617757237
30.6609739772931 2.43039957773493
30.6879728423856 2.35760103393933
30.7149717072184 2.28308362134802
30.7419705717917 2.20690166830622
30.7689694361055 2.12911071673281
30.7959683001597 2.04976748162633
30.8229671639543 1.96892980971581
30.8499660274893 1.88665663728642
30.8769648907648 1.80300794721078
30.9039637537807 1.71804472521725
30.9309626165371 1.631828915427
30.9579614790339 1.54442337519242
30.9849603412711 1.45589182926969
31.0119592032488 1.36629882335891
31.0389580649669 1.27570967704573
31.0659569264254 1.18419043617881
31.0929557876243 1.09180782471766
31.1199546485637 0.99862919608622
31.1469535092436 0.904722484067423
31.1739523696638 0.810156153274663
31.2009512298245 0.71499914923625
31.2279500897257 0.619320848129233
31.2549489493672 0.523191006199258
31.2819478087492 0.426679708903312
31.3089466678717 0.329857319812459
31.3359455267345 0.232794429311802
31.3629443853379 0.135561803135078
31.3899432436816 0.0382303307714183
31.4169421017658 -0.0591290262181344
31.4439409595904 -0.156445285936645
31.4709398171554 -0.253647497902138
31.4979386744609 -0.35066479477555
31.5249375315068 -0.447426444028065
31.5519363882932 -0.543861899510165
31.57893524482 -0.639900852884802
31.6059341010872 -0.73547328488719
31.6329329570949 -0.830509516373842
31.6599318128429 -0.924940259123638
31.6869306683315 -1.01869666635389
31.7139295235604 -1.11171038291456
31.7409283785298 -1.20391359512406
31.7679272332397 -1.29523908021025
31.7949260876899 -1.3856202553207
31.8219249418806 -1.4749912260663
31.8489237958118 -1.56328683456303
31.8759226494834 -1.6504427069367
31.9029215028954 -1.73639530025614
31.9299203560478 -1.82108194886056
31.9569192089407 -1.9044409100473
31.983918061574 -1.98641140908672
32 -2.03454908891985


