0.1 1
0.115625 1
0.13125 1
0.146875 1
0.1625 1
0.178125 1
0.19375 1
0.209375 1
0.225 1
0.240625 1
0.25625 1
0.271875 1
0.2875 1
0.303125 1
0.31875 1
0.334375 1
0.35 1
0.365625 1
0.38125 1
0.396875 1
0.4125 1
0.428125 1
0.44375 1
0.459375 1
0.475 1
0.490625 1
0.50625 1
0.521875 1
0.5375 1
0.553125 1
0.56875 1
0.584375 1
0.6 1
0.615625 1
0.63125 1
0.646875 1
0.6625 1
0.678125 1
0.69375 1
0.709375 1
0.725 1
0.740625 1
0.75625 1
0.771875 1
0.7875 1
0.803125 1
0.81875 1
0.834375 1
0.85 1
0.865625 1
0.88125 1
0.896875 1
0.9125 1
0.928125 1
0.94375 1
0.959375 1
0.975 1
0.990625 1
1.00625 1
1.021875 1
1.0375 1
1.053125 1
1.06875 1
1.084375 1
1.1 1
1.115625 1
1.13125 1
1.146875 1
1.1625 1
1.178125 1
1.19375 1
1.209375 1
1.225 1
1.240625 1
1.25625 1
1.271875 1
1.2875 1
1.303125 1
1.31875 1
1.334375 1
1.35 1
1.365625 1
1.38125 1
1.396875 1
1.4125 1
1.428125 1
1.44375 1
1.459375 1
1.475 1
1.490625 1
1.50625 1
1.521875 1
1.5375 1
1.553125 1
1.56875 1
1.584375 1
1.6 1
1.615625 1
1.63125 1
1.646875 1
1.6625 1
1.678125 1
1.69375 1
1.709375 1
1.725 1
1.740625 1
1.75625 1
1.771875 1
1.7875 1
1.803125 1
1.81875 1
1.834375 1
1.85 1
1.865625 1
1.88125 1
1.896875 1
1.9125 1
1.928125 1
1.94375 1
1.959375 1
1.975 1
1.990625 1
2.00625 1
2.021875 1
2.0375 1
2.053125 1
2.06875 1
2.084375 1
2.1 1
2.115625 1
2.13125 1
2.146875 1
2.1625 1
2.178125 1
2.19375 1
2.209375 1
2.225 1
2.240625 1
2.25625 1
2.271875 1
2.2875 1
2.303125 1
2.31875 1
2.334375 1
2.35 1
2.365625 1
2.38125 1
2.396875 1
2.4125 1
2.428125 1
2.44375 1
2.459375 1
2.475 1
2.490625 1
2.50625 1
2.521875 1
2.5375 1
2.553125 1
2.56875 1
2.584375 1
2.6 1
2.615625 1
2.63125 1
2.646875 1
2.6625 1
2.678125 1
2.69375 1
2.709375 1
2.725 1
2.740625 1
2.75625 1
2.771875 1
2.7875 1
2.803125 1
2.81875 1
2.834375 1
2.85 1
2.865625 1
2.88125 1
2.896875 1
2.9125 1
2.928125 1
2.94375 1
2.959375 1
2.975 1
2.990625 1
3.00625 1
3.021875 1
3.0375 1
3.053125 1
3.06875 1
3.084375 1
3.1 1
3.115625 1
3.13125 1
3.146875 1
3.1625 1
3.178125 1
3.19375 1
3.209375 1
3.225 1
3.240625 1
3.25625 1
3.271875 1
3.2875 1
3.303125 1
3.31875 1
3.334375 1
3.35 1
3.365625 1
3.38125 1
3.396875 1
3.4125 1
3.428125 1
3.44375 1
3.459375 1
3.475 1
3.490625 1
3.50625 1
3.521875 1
3.5375 1
3.553125 1
3.56875 1
3.584375 1
3.6 1
3.615625 1
3.63125 1
3.646875 1
3.6625 1
3.678125 1
3.69375 1
3.709375 1
3.725 1
3.740625 1
3.75625 1
3.771875 1
3.7875 1
3.803125 1
3.81875 1
3.834375 1
3.85 1
3.865625 1
3.88125 1
3.896875 1
3.9125 1
3.928125 1
3.94375 1
3.959375 1
3.975 1
3.990625 1
4.00625 1
4.021875 1
4.0375 1
4.053125 1
4.06875 1
4.084375 1
4.1 1
4.115625 1
4.13125 1
4.146875 1
4.1625 1
4.178125 1
4.19375 1
4.209375 1
4.225 1
4.240625 1
4.25625 1
4.271875 1
4.2875 1
4.303125 1
4.31875 1
4.334375 1
4.35 1
4.365625 1
4.38125 1
4.396875 1
4.4125 1
4.428125 1
4.44375 1
4.459375 1
4.475 1
4.490625 1
4.50625 1
4.521875 1
4.5375 1
4.553125 1
4.56875 1
4.584375 1
4.6 1
4.615625 1
4.63125 1
4.646875 1
4.6625 1
4.678125 1
4.69375 1
4.709375 1
4.725 1
4.740625 1
4.75625 1
4.771875 1
4.7875 1
4.803125 1
4.81875 1
4.834375 1
4.85 1
4.865625 1
4.88125 1
4.896875 1
4.9125 1
4.928125 1
4.94375 1
4.959375 1
4.975 1
4.990625 1
5.00625 1
5.021875 1
5.0375 1
5.053125 1
5.06875 1
5.084375 1
5.1 1
5.115625 1
5.13125 1
5.146875 1
5.1625 1
5.178125 1
5.19375 1
5.209375 1
5.225 1
5.240625 1
5.25625 1
5.271875 1
5.2875 1
5.303125 1
5.31875 1
5.334375 1
5.35 1
5.365625 1
5.38125 1
5.396875 1
5.4125 1
5.428125 1
5.44375 1
5.459375 1
5.475 1
5.490625 1
5.50625 1
5.521875 1
5.5375 1
5.553125 1
5.56875 1
5.584375 1
5.6 1
5.615625 1
5.63125 1
5.646875 1
5.6625 1
5.678125 1
5.69375 1
5.709375 1
5.725 1
5.740625 1
5.75625 1
5.771875 1
5.7875 1
5.803125 1
5.81875 1
5.834375 1
5.85 1
5.865625 1
5.88125 1
5.896875 1
5.9125 1
5.928125 1
5.94375 1
5.959375 1
5.975 1
5.990625 1
6.00625 1
6.021875 1
6.0375 1
6.053125 1
6.06875 1
6.084375 1
6.1 1
6.115625 1
6.13125 1
6.146875 1
6.1625 1
6.178125 1
6.19375 1
6.209375 1
6.225 1
6.240625 1
6.25625 1
6.271875 1
6.2875 1
6.303125 1
6.31875 1
6.334375 1
6.35 1
6.365625 1
6.38125 1
6.396875 1
6.4125 1
6.428125 1
6.44375 1
6.459375 1
6.475 1
6.490625 1
6.50625 1
6.521875 1
6.5375 1
6.553125 1
6.56875 1
6.584375 1
6.6 1
6.615625 1
6.63125 1
6.646875 1
6.6625 1
6.678125 1
6.69375 1
6.709375 1
6.725 1
6.740625 1
6.75625 1
6.771875 1
6.7875 1
6.803125 1
6.81875 1
6.834375 1
6.85 1
6.865625 1
6.88125 1
6.896875 1
6.9125 1
6.928125 1
6.94375 1
6.959375 1
6.975 1
6.990625 1
7.00625 1
7.021875 1
7.0375 1
7.053125 1
7.06875 1
7.084375 1
7.1 1
7.115625 1
7.13125 1
7.146875 1
7.1625 1
7.178125 1
7.19375 1
7.209375 1
7.225 1
7.240625 1
7.25625 1
7.271875 1
7.2875 1
7.303125 1
7.31875 1
7.334375 1
7.35 1
7.365625 1
7.38125 1
7.396875 1
7.4125 1
7.428125 1
7.44375 1
7.459375 1
7.475 1
7.490625 1
7.50625 1
7.521875 1
7.5375 1
7.553125 1
7.56875 1
7.584375 1
7.6 1
7.615625 1
7.63125 1
7.646875 1
7.6625 1
7.678125 1
7.69375 1
7.709375 1
7.725 1
7.740625 1
7.75625 1
7.771875 1
7.7875 1
7.803125 1
7.81875 1
7.834375 1
7.85 1
7.865625 1
7.88125 1
7.896875 1
7.9125 1
7.928125 1
7.94375 1
7.959375 1
7.975 1
7.990625 1
8.00625 1
8.021875 1
8.0375 1
8.053125 1
8.06875 1
8.084375 1
8.1 1
8.115625 1
8.13125 1
8.146875 1
8.1625 1
8.178125 1
8.19375 1
8.209375 1
8.225 1
8.240625 1
8.25625 1
8.271875 1
8.2875 1
8.303125 1
8.31875 1
8.334375 1
8.35 1
8.365625 1
8.38125 1
8.396875 1
8.4125 1
8.428125 1
8.44375 1
8.459375 1
8.475 1
8.490625 1
8.50625 1
8.521875 1
8.5375 1
8.553125 1
8.56875 1
8.584375 1
8.6 1
8.615625 1
8.63125 1
8.646875 1
8.6625 1
8.678125 1
8.69375 1
8.709375 1
8.725 1
8.740625 1
8.75625 1
8.771875 1
8.7875 1
8.803125 1
8.81875 1
8.834375 1
8.85 1
8.865625 1
8.88125 1
8.896875 1
8.9125 1
8.928125 1
8.94375 1
8.959375 1
8.975 1
8.990625 1
9.00625 1
9.021875 1
9.0375 1
9.053125 1
9.06875 1
9.084375 1
9.1 1
9.115625 1
9.13125 1
9.146875 1
9.1625 1
9.178125 1
9.19375 1
9.209375 1
9.225 1
9.240625 1
9.25625 1
9.271875 1
9.2875 1
9.303125 1
9.31875 1
9.334375 1
9.35 1
9.365625 1
9.38125 1
9.396875 1
9.4125 1
9.428125 1
9.44375 1
9.459375 1
9.475 1
9.490625 1
9.50625 1
9.521875 1
9.5375 1
9.553125 1
9.56875 1
9.584375 1
9.6 1
9.615625 1
9.63125 1
9.646875 1
9.6625 1
9.678125 1
9.69375 1
9.709375 1
9.725 1
9.740625 1
9.75625 1
9.771875 1
9.7875 1
9.803125 1
9.81875 1
9.834375 1
9.85 1
9.865625 1
9.88125 1
9.896875 1
9.9125 1
9.928125 1
9.94375 1
9.959375 1
9.975 1
9.990625 1
10.00625 1
10.021875 1
10.0375 1
10.053125 1
10.06875 1
10.084375 1
10.1 1
10.115625 1
10.13125 1
10.146875 1
10.1625 1
10.178125 1
10.19375 1
10.209375 1
10.225 1
10.240625 1
10.25625 1
10.271875 1
10.2875 1
10.303125 1
10.31875 1
10.334375 1
10.35 1
10.365625 1
10.38125 1
10.396875 1
10.4125 1
10.428125 1
10.44375 1
10.459375 1
10.475 1
10.490625 1
10.50625 1
10.521875 1
10.5375 1
10.553125 1
10.56875 1
10.584375 1
10.6 1
10.615625 1
10.63125 1
10.646875 1
10.6625 1
10.678125 1
10.69375 1
10.709375 1
10.725 1
10.740625 1
10.75625 1
10.771875 1
10.7875 1
10.803125 1
10.81875 1
10.834375 1
10.85 1
10.865625 1
10.88125 1
10.896875 1
10.9125 1
10.928125 1
10.94375 1
10.959375 1
10.975 1
10.990625 1
11.00625 1
11.021875 1
11.0375 1
11.053125 1
11.06875 1
11.084375 1
11.1 1
11.115625 1
11.13125 1
11.146875 1
11.1625 1
11.178125 1
11.19375 1
11.209375 1
11.225 1
11.240625 1
11.25625 1
11.271875 1
11.2875 1
11.303125 1
11.31875 1
11.334375 1
11.35 1
11.365625 1
11.38125 1
11.396875 1
11.4125 1
11.428125 1
11.44375 1
11.459375 1
11.475 1
11.490625 1
11.50625 1
11.521875 1
11.5375 1
11.553125 1
11.56875 1
11.584375 1
11.6 1
11.615625 1
11.63125 1
11.646875 1
11.6625 1
11.678125 1
11.69375 1
11.709375 1
11.725 1
11.740625 1
11.75625 1
11.771875 1
11.7875 1
11.803125 1
11.81875 1
11.834375 1
11.85 1
11.865625 1
11.88125 1
11.896875 1
11.9125 1
11.928125 1
11.94375 1
11.959375 1
11.975 1
11.990625 1
12.00625 1
12.021875 1
12.0375 1
12.053125 1
12.06875 1
12.084375 1
12.1 1
12.115625 1
12.13125 1
12.146875 1
12.1625 1
12.178125 1
12.19375 1
12.209375 1
12.225 1
12.240625 1
12.25625 1
12.271875 1
12.2875 1
12.303125 1
12.31875 1
12.334375 1
12.35 1
12.365625 1
12.38125 1
12.396875 1
12.4125 1
12.428125 1
12.44375 1
12.459375 1
12.475 1
12.490625 1
12.50625 1
12.521875 1
12.5375 1
12.553125 1
12.56875 1
12.584375 1
12.6 1
12.615625 1
12.63125 1
12.646875 1
12.6625 1
12.678125 1
12.69375 1
12.709375 1
12.725 1
12.740625 1
12.75625 1
12.771875 1
12.7875 1
12.803125 1
12.81875 1
12.834375 1
12.85 1
12.865625 1
12.88125 1
12.896875 1
12.9125 1
12.928125 1
12.94375 1
12.959375 1
12.975 1
12.990625 1
13.00625 1
13.021875 1
13.0375 1
13.053125 1
13.06875 1
13.084375 1
13.1 1
13.115625 1
13.13125 1
13.146875 1
13.1625 1
13.178125 1
13.19375 1
13.209375 1
13.225 1
13.240625 1
13.25625 1
13.271875 1
13.2875 1
13.303125 1
13.31875 1
13.334375 1
13.35 1
13.365625 1
13.38125 1
13.396875 1
13.4125 1
13.428125 1
13.44375 1
13.459375 1
13.475 1
13.490625 1
13.50625 1
13.521875 1
13.5375 1
13.553125 1
13.56875 1
13.584375 1
13.6 1
13.615625 1
13.63125 1
13.646875 1
13.6625 1
13.678125 1
13.69375 1
13.709375 1
13.725 1
13.740625 1
13.75625 1
13.771875 1
13.7875 1
13.803125 1
13.81875 1
13.834375 1
13.85 1
13.865625 1
13.88125 1
13.896875 1
13.9125 1
13.928125 1
13.94375 1
13.959375 1
13.975 1
13.990625 1
14.00625 1
14.021875 1
14.0375 1
14.053125 1
14.06875 1
14.084375 1
14.1 1
14.115625 1
14.13125 1
14.146875 1
14.1625 1
14.178125 1
14.19375 1
14.209375 1
14.225 1
14.240625 1
14.25625 1
14.271875 1
14.2875 1
14.303125 1
14.31875 1
14.334375 1
14.35 1
14.365625 1
14.38125 1
14.396875 1
14.4125 1
14.428125 1
14.44375 1
14.459375 1
14.475 1
14.490625 1
14.50625 1
14.521875 1
14.5375 1
14.553125 1
14.56875 1
14.584375 1
14.6 1
14.615625 1
14.63125 1
14.646875 1
14.6625 1
14.678125 1
14.69375 1
14.709375 1
14.725 1
14.740625 1
14.75625 1
14.771875 1
14.7875 1
14.803125 1
14.81875 1
14.834375 1
14.85 1
14.865625 1
14.88125 1
14.896875 1
14.9125 1
14.928125 1
14.94375 1
14.959375 1
14.975 1
14.990625 1


0 1 -0.5
0.0740095748209769 0.962995212589512 -0.498630645708705
0.145505132955012 0.927439913381941 -0.49471056387679
0.215191805238116 0.893141364760011 -0.488452878191589
0.283492377809542 0.860028999573735 -0.480015063645198
0.350662632647929 0.828102029021113 -0.469530299541767
0.416858167733413 0.797397835068634 -0.457122715967585
0.482174188119235 0.767972567340849 -0.442914464362758
0.546669652004844 0.739889171679432 -0.427028559592118
0.610382119583679 0.713210059570941 -0.409589542945087
0.673336980330734 0.687992726294869 -0.390723056096121
0.735553244385554 0.664287266250264 -0.370554911357505
0.797047221268331 0.642135121491864 -0.349209971867166
0.857834896382287 0.621568639847728 -0.326811007777559
0.917933504878876 0.602611170319916 -0.303477614637512
0.977362611098504 0.585277519567519 -0.279325237715906
1.03614488224211 0.569574654488147 -0.254464324437413
1.09430666880379 0.555502574775105 -0.228999617240352
1.15187845445667 0.543055303589042 -0.203029595933755
1.20889520418398 0.532221958914715 -0.176646079092843
1.26539661545895 0.522987875675306 -0.149933996299681
1.32142726011192 0.515335751042937 -0.12297134558807
1.37703659319515 0.509246783885568 -0.0958293517672608
1.43227880012924 0.50470177514983 -0.0685728397643334
1.48721245584624 0.501682150722501 -0.0412608312499895
1.54189998038104 0.500170863910731 -0.0139473617347168
1.59640689382864 0.500153133356583 0.0133175005557487
1.65080089698687 0.501616975880355 0.0404864713036635
1.70515082742792 0.504553503309645 0.0675137572013615
1.75952555841283 0.508956967067841 0.0943537212052385
1.81399291535911 0.514824551837486 0.120959578095115
1.86861867978861 0.522155936751223 0.147282187706938
1.92346573557294 0.530952656259234 0.173269000596366
1.97859339114443 0.541217301182389 0.198863193702206
2.03405688919701 0.552952603120039 0.22400301558456
2.08990709640202 0.566160443277862 0.24862134511537
2.14619035214873 0.580840821560987 0.272645455884551
2.2029484477994 0.596990815177883 0.295996971491804
2.26021870563441 0.614603549426315 0.31859199378301
2.31803412813329 0.633667197686713 0.340341385926938
2.37642359199197 0.654164023352892 0.361151193886054
2.43541206605254 0.676069473546723 0.380923192340567
2.49502083722207 0.699351332832476 0.399555543756583
2.55526773293306 0.723968944504212 0.416943561583358
2.61616733248315 0.749872507077433 0.432980570269256
2.67773116260867 0.7770024541064 0.447558855802215
2.73996787493679 0.805288926144284 0.460570700808727
2.80288340461932 0.834651344382349 0.471909497943378
2.8664811105977 0.864998096106073 0.481470934456117
2.93076189869573 0.896226342483673 0.489154239535624
2.99572432918741 0.928221959276812 0.494863484396142
3.06136471072352 0.960859620776143 0.498508923201935
3.12767718258945 0.994003036575286 0.500008360905546
3.19465378725581 1.02750534967942 0.499288532007934
3.26228453510993 1.06120970288634 0.496286472223446
3.33055746314507 1.09494997837906 0.490950863141898
3.39945868925269 1.12855171304337 0.483243328313865
3.46897246362264 1.16183318920044 0.47313965783148
3.53908121861383 1.19460669726567 0.46063093751968
3.60976561831822 1.22667996337042 0.445724558370208
3.68100460890538 1.25785773128656 0.428445081912731
3.75277547070483 1.28794348416442 0.408834937882448
3.82505387285885 1.31674128773522 0.38695493185548
3.89781393125884 1.34405773285333 0.362884542508112
3.97102827036306 1.36970395168488 0.336721990818971
4.044668089383 1.39349767861274 0.308584066856943
4.11870323321753 1.41526532415321 0.278605703739448
4.19310226841023 1.4348440279865 0.246939292837992
4.2678325643035 1.45208365570541 0.213753739257416
4.34286037946536 1.46684870317951 0.179233261905489
4.41815095336964 1.47902007259088 0.143575947962757
4.49366860321957 1.48849668527225 0.106992077104607
4.56937682571796 1.49519689848834 0.0697022362522271
4.64523840350554 1.49905969623378 0.0319352507649844
4.72121551591356 1.50004562793037 -0.00607403733665957
4.79726985360752 1.49813747351113 -0.0440871094731318
4.873362736638 1.49334061866718 -0.0818641910000089
4.94945523536163 1.48568312986408 -0.119166711765112
5.02550829365236 1.47521552494193 -0.155759764988737
5.10148285379015 1.46201024151567 -0.191414522365691
5.17733998239269 1.44616081179506 -0.225910564000026
5.25304099674537 1.42778075865273 -0.259038083556384
5.32854759088728 1.40700223359233 -0.290599931794056
5.40382196082524 1.38397442253289 -0.320413465353481
5.47882692827586 1.35886174987215 -0.348312172169316
5.55352606237562 1.33184191499581 -0.374147050041548
5.62788379885262 1.30310379816325 -0.397787720537488
5.70186555621947 1.27284527446557 -0.419123266340614
5.77543784862567 1.24127097529401 -0.438062786219178
5.84856839509856 1.20859003649232 -0.45453566777251
5.92122622500522 1.17501387114253 -0.468491583850176
5.99338177968229 1.14075400283257 -0.479900223869096
6.06500701030746 1.10601999238179 -0.488750776038927
6.13607547222411 1.07101748748731 -0.495051180635656
6.20656241608055 1.03594642074076 -0.498827177855409
6.27644487630609 1.00099937710513 -0.50012117638391
6.34570175761911 0.966360147386237 -0.498990970610957
6.41431392044699 0.932202479632012 -0.495508335411886
6.48226426633286 0.898689035885157 -0.489757527644225
6.54953782461046 0.865970557425348 -0.481833723025477
6.61612184184147 0.834185237675242 -0.471841415944899
6.68200587572669 0.803458298398984 -0.459892808111245
6.74718189541376 0.773901761761507 -0.446106209854587
6.8116443903179 0.745614408289458 -0.4306044754968
6.87539048972495 0.718681908806923 -0.413513491601336
6.93842009552625 0.693177117017826 -0.394960734232266
7.00073603039125 0.669160508557865 -0.375073908722884
7.06234420344578 0.646680752006904 -0.353979683008007
7.12325379498978 0.625775397478955 -0.331802523449371
7.18347746082592 0.606471668903764 -0.308663640424499
7.24303155521057 0.588787346858205 -0.284680049903549
7.3019363690882 0.572731729627093 -0.259963756947405
7.36021637693555 0.558306660843975 -0.234621067637078
7.41790048108781 0.545507612289547 -0.208752037433256
7.47502223686315 0.534324809855484 -0.182450066272908
7.53162003545818 0.524744388935213 -0.155801653516003
7.58773721522888 0.516749562256561 -0.128886328509553
7.64342206695835 0.510321778297548 -0.101776773997108
7.69872769696271 0.505441842192136 -0.0745391584903281
7.75371171555168 0.502090964287393 -0.0472336885796074
7.80843572912066 0.500251695764084 -0.0199153819724588
7.86296463224881 0.499908707952584 0.00736495310876299
7.917365719595 0.501049374074483 0.0345595649590378
7.97170766176191 0.503664120199106 0.0616224830129709
8.02605940899003 0.507746525814577 0.0885081854207353
8.08048909655747 0.513293171522963 0.115170281452786
8.13506302369344 0.5203032488357 0.141560277843317
8.18984476471916 0.528777961681182 0.167626487068546
8.24489445089897 0.538719758831605 0.193313119050817
8.30026823916826 0.550131440307734 0.2185595796612
8.35601796395951 0.563015179622225 0.243299982992824
8.41219095353866 0.577371499022242 0.267462871792142
8.46882998347328 0.593198228452487 0.290971132377043
8.5259733365174 0.610489472280863 0.313742086472204
8.58365493897951 0.629234601926519 0.335687741687402
8.64190454701953 0.649417287922733 0.356715183720253
8.70074796096728 0.671014581762799 0.376727095760216
8.76020725068924 0.693996055993065 0.395622393226475
8.82030097963177 0.718323010184128 0.413296964371257
8.88104441911836 0.743947750340634 0.42964450912897
8.94244974766309 0.770812949727626 0.444557469763072
9.00452623250429 0.798851099760181 0.45792804733964
9.06728039234936 0.827984060331418 0.469649297887451
9.13071614156907 0.858122719592784 0.479616301371662
9.19483491690469 0.889166773636164 0.48772739540942
9.25963578825858 0.921004636675373 0.493885464092456
9.32511555541575 0.95351349212268 0.497999270454503
9.39126883265974 0.986559494359962 0.499984819128116
9.45808812325339 1.01999812998474 0.499766733671255
9.52556388569289 1.053674745853 0.497279631002265
9.59368459353821 1.08742524934102 0.492469473454097
9.66243679049511 1.12107698391766 0.48529487723542
9.73180514228444 1.15444978038329 0.475728354655718
9.80177248669214 1.18735718102914 0.463757466418768
9.87231988305282 1.21960783055944 0.449385859693717
9.94342666228321 1.25100702396664 0.432634167607187
10.0150704784506 1.28135839774439 0.413540746324794
10.0872273627355 1.31046574696342 0.392162227053319
10.159871780528 1.33813494693265 0.368573862125899
10.2329766922791 1.36417595454415 0.342869646842194
10.3065136186204 1.38840486108028 0.315162201911263
10.380452710153 1.41064596537363 0.285582405150162
10.4547628222045 1.43073383387782 0.254278765463945
10.5294115947501 1.44851531254462 0.221416536985473
10.6043655375956 1.46385145451107 0.187176576474734
10.6795901208227 1.47661932755842 0.151753952534177
10.7550498704083 1.4867136661697 0.115356320738123
10.8307084688389 1.49404833481001 0.0782020842367541
10.9065288604604 1.49855757177948 0.0405183646078082
10.9824733612261 1.50019698660317 0.00253881252076624
11.0585037724341 1.4989442883533 -0.0354987080152177
11.1345814979842 1.49479972744098 -0.0733545245774843
11.2106676646291 1.48778623913244 -0.110789610581896
11.2867232446478 1.47794928317877 -0.147568047373435
11.3627091803368 1.46535638031828 -0.183459452065931
11.4385865096881 1.45009635282679 -0.218241329509983
11.5143164926108 1.43227828255625 -0.251701308302929
11.5898607370535 1.41203020582576 -0.283639223312936
11.6651813243949 1.38949756993032 -0.313869010691021
11.7402409334956 1.36484148075161 -0.342220385676765
11.8150029628417 1.33823677485712 -0.368540278523386
11.8894316502601 1.309869952456 -0.39269400941121
11.9634921897494 1.27993700957385 -0.414566189105615
12.0371508450462 1.24864120878313 -0.434061338159016
12.1103750596342 1.21619082778674 -0.451104223469711
12.1831335630034 1.18279692414175 -0.465639916814808
12.2553964730798 1.14867115250098 -0.47763358540632
12.3271353948689 1.11402366804504 -0.487070029436296
12.3983235154923 1.0790611464001 -0.493952985861119
12.4689356959428 1.04398494642687 -0.498304221238568
12.5389485600419 1.00898943797504 -0.500162439215451
12.6083405812542 0.974260512176105 -0.499582030241193
12.6770921681944 0.939974287247425 -0.496631692255268
12.7451857498559 0.906296018242659 -0.491392951492943
12.8126058617927 0.873379214837039 -0.483958612227372
12.879339234699 0.841364967193436 -0.474431163289987
12.9453748870485 0.81038147630987 -0.462921167675293
13.0107042236662 0.780543782074929 -0.449545659542706
13.0753211423076 0.751953679606667 -0.434426570588722
13.139222150485 0.724699812354849 -0.417689205195168
13.2024064948798 0.698857928916866 -0.399460781086387
13.2648763056735 0.674491289545183 -0.379869049576438
13.3266367579442 0.651651207878458 -0.359041006988011
13.3876962518215 0.630377713456675 -0.337101706614174
13.4480666122462 0.610700321002348 -0.314173178815173
13.5077633077779 0.592638893151197 -0.290373465642368
13.5668056857446 0.576204584138489 -0.265815775904392
13.6252172179427 0.561400852678314 -0.240607766959662
13.683025746907 0.548224532634656 -0.214850960799772
13.7402637174562 0.536666949734269 -0.188640304127047
13.7969683720098 0.526715071133571 -0.162063884868103
13.8531818817107 0.518352671777229 -0.135202820338691
13.908951379906 0.511561496985839 -0.108131334134256
13.9643288618221 0.506322394739109 -0.080917038450338
14.0193709164866 0.502616384379487 -0.053621434461101
14.074138265955 0.500425622307803 -0.0263006344218173
14.128695103379 0.499734221577489 0.000993704925187858
14.183108243946 0.500528883106887 0.0282132659716248
14.2374461273744 0.502799302866652 0.0553118179740086
14.291777731955 0.50653833183991 0.0822438915269496
14.3461714727502 0.511741882104364 0.10896345095831
14.4006941573524 0.518408590075888 0.135422635238951
14.4554100618141 0.526539263501378 0.161570628626298
14.5103801703482 0.536136149684408 0.187352706677339
14.5656616001097 0.547202067602567 0.212709485184688
14.6213072115442 0.559739446436372 0.237576382540547
14.6773653886272 0.573749308984791 0.261883292440957
14.7338799631295 0.589230232255947 0.285554454726771
14.7908902525348 0.606177310785199 0.308508507361406
14.8484311811963 0.624581142083269 0.330658701198861
14.9065334572246 0.644426848682284 0.351913260172325
14.9652237820538 0.66569314773448 0.372175871769511
15 0.678838169867644 0.383576747704183


0 1 -0.5
0.0748275940128277 0.962614198837715 -0.497879665839856
0.147167390362262 0.92671975140104 -0.493226997152806
0.21768944651535 0.892139949800753 -0.486249494507282
0.286795788968388 0.858813583783745 -0.477105088484114
0.354729979929619 0.826744646497891 -0.46593044614276
0.421640810349816 0.79597199116811 -0.452854530744415
0.487620287405717 0.766550773339388 -0.438004683041592
0.552726677912182 0.738541100324849 -0.421508864645967
0.616998643823087 0.712001191159563 -0.403495959383077
0.680463981882136 0.686983401072303 -0.384095139939209
0.743145064193151 0.663532081467555 -0.363434836873546
0.805062253477335 0.641682622350566 -0.341641592947944
0.866236075332511 0.621461259038965 -0.318838947597667
0.926688630531134 0.602885374156774 -0.295146422009032
0.986444545210072 0.58596412146193 -0.270678636465754
1.04553164036974 0.570699259431255 -0.245544572798766
1.10398142740025 0.557086121693077 -0.219846987214208
1.16182948707987 0.545114675805082 -0.193681977525431
1.21911575586131 0.534770636150708 -0.167138710915257
1.27588471967407 0.526036603757044 -0.140299321797407
1.33218549917847 0.51889320751267 -0.113238992466923
1.38807180065701 0.513320219053993 -0.0860262304057727
1.44360170403058 0.509297608986504 -0.0587233537540173
1.49883726474178 0.506806506918124 -0.0313871893151852
1.55384391969159 0.505830024153945 -0.00406997515216997
1.60868970761 0.506353898012565 0.0231795566179095
1.66344433758958 0.508366922159598 0.0503149591517166
1.71817816077018 0.511861138426039 0.07729077026907
1.77296111398343 0.516831780972808 0.104061199358467
1.827861707019 0.52327698070713 0.1305788702653
1.88294611665577 0.531197253383865 0.156793681012943
1.93827743341176 0.540594806221615 0.182651827069028
1.99391508565507 0.551472703809548 0.208095017628988
2.04991444494387 0.563833934701484 0.233059897531985
2.10632659964131 0.577680416587261 0.257477673527143
2.16319827260297 0.593011971967566 0.281273933936387
2.22057185307958 0.609825299439956 0.304368645395677
2.27848551191378 0.628112959246017 0.326676308603147
2.33697337122558 0.647862386368063 0.348106255829442
2.396065703709 0.669054940513592 0.368563075317286
2.45578914131827 0.691664999806613 0.387947150756667
2.51616687777261 0.715659103768482 0.406155307148113
2.5772188535379 0.740995150997998 0.423081557157454
2.63896191557703 0.767621657622959 0.438617944287072
2.701409947182 0.795477083885184 0.452655480717592
2.76457396568351 0.824489237957318 0.465085178449515
2.82846218788834 0.854574768112193 0.475799172364752
2.89308006483881 0.885638756521008 0.484691933011814
2.95843028901957 0.917574430084086 0.491661565277992
3.024512778526 0.950263005615682 0.496611186638703
3.09132464399087 0.983573688200954 0.499450375381284
3.15886014523777 1.01736384237687 0.500096675140748
3.22711064565445 1.05147935569412 0.498477137372402
3.29606457308155 1.08575521292363 0.494529878215204
3.36570739649692 1.12001629643221 0.488205620860723
3.43602162782796 1.1540784238833 0.479469189425337
3.50698685773516 1.18774962834547 0.468300915906348
3.5785798330861 1.22083167819061 0.454697918622142
3.65077458203501 1.25312182510527 0.438675209134589
3.72354259014944 1.28441475859814 0.420266585507012
3.79685302797761 1.31450473523829 0.399525273197194
3.87067302700063 1.34318784132395 0.376524281033551
3.94496799731793 1.37026433964773 0.351356448403238
4.01970197697849 1.39554104533304 0.324134170516152
4.09483799992476 1.41883367303678 0.294988800636962
4.17033846736727 1.43996909853441 0.264069740525666
4.24616550629967 1.45878748184859 0.231543241928256
4.32228129893646 1.47514420629067 0.197590951792568
4.39864836813186 1.48891159734033 0.162408241118402
4.47522980621544 1.49998039621969 0.126202361457025
4.55198943795216 1.50826097422588 0.0891904738955695
4.62889191222348 1.51368428429236 0.051597593118502
4.70590272121967 1.51620255493849 0.0136544843863307
4.78298815012766 1.51578973808326 -0.0244044551912439
4.86011516422472 1.51244172581262 -0.0623433069575714
4.93725124373376 1.50617635210306 -0.0999267155490893
5.01436417960985 1.49703319402506 -0.136921937327283
5.09142184551203 1.48507318363659 -0.173100845874012
5.16839196251529 1.47037803735735 -0.208241890317425
5.24524187360613 1.45304950491407 -0.242132002237771
5.32193834466864 1.4332084358026 -0.274568444641067
5.39844740750498 1.41099365839849 -0.30536059230698
5.47473425845509 1.38656066600565 -0.334331627266414
5.55076322342342 1.36008010570007 -0.361320126982047
5.62649779666305 1.33173606998205 -0.386181516856411
5.70190075664761 1.30172419787307 -0.408789353889417
5.77693435798272 1.27024960073914 -0.429036405512103
5.85156059384755 1.23752463804974 -0.446835487537421
5.92574151923938 1.20376657850971 -0.462120028228263
5.99943962167098 1.16919519142024 -0.474844331773831
6.07261822327137 1.13403032063138 -0.484983523682673
6.14524189672735 1.09848949810097 -0.492533172061149
6.2172768773268 1.06278565523478 -0.497508591465266
6.28869145453916 1.02712498760818 -0.499943848833392
6.35945632896076 0.991705022557614 -0.49989050275529
6.42954492380574 0.956712930075161 -0.497416116984035
6.49893364408897 0.922324106340686 -0.492602595906167
6.56760208083876 0.888701047145849 -0.48554439326615
6.63553316172248 0.855992516474739 -0.476346645785859
6.7027132530499 0.824333004552854 -0.465123280756665
6.76913222100989 0.793842460478534 -0.45199514178989
6.83478346206322 0.764626277550253 -0.437088170413851
6.89966391361952 0.736775504760298 -0.420531673861441
6.96377405650079 0.710367255556889 -0.402456701907354
7.027117920315 0.685465284613845 -0.382994548580745
7.0897031018195 0.662120704603363 -0.362275388445888
7.15154080471959 0.640372817402136 -0.340427052212985
7.21264590715671 0.620250037325864 -0.317573942888705
7.27303706037371 0.601770887456783 -0.293836091576104
7.33273681862623 0.584945053510562 -0.269328351387908
7.39177179622809 0.569774482617511 -0.244159728689713
7.45017284257198 0.556254516516943 -0.218432852920798
7.50797522004468 0.544375049633854 -0.192243589331178
7.56521876316993 0.534121701985784 -0.165680802739622
7.62194799064794 0.525476994575148 -0.138826284220845
7.67821213632486 0.518421510740268 -0.111754855507575
7.73406506217478 0.512935021071869 -0.0845346665642583
7.7895650181154 0.508997542660169 -0.0572276988309421
7.84477422170382 0.506590296946128 -0.0298904788887008
7.89975824620809 0.505696526156307 -0.00257499445813453
7.95458522702347 0.506302128172001 0.0246702121697191
8.00932492041049 0.508396075131467 0.0517988162293028
8.06404766991167 0.51197059224144 0.0787654065462965
8.11882334934054 0.517021088731388 0.105524173187052
8.1737203535984 0.523545849866352 0.132027654874635
8.22880469957535 0.531545514259092 0.158225606337313
8.28413928189948 0.541022371819997 0.184064031366891
8.33978330692694 0.551979523308194 0.20948441006545
8.39579190774909 0.564419942793184 0.234423132011376
8.4522159264594 0.578345480642308 0.25881113339132
8.50910183900033 0.593755838593485 0.28257372671918
8.56649179254632 0.610647541642342 0.305630606623459
8.62442372453383 0.629012925057509 0.327896013604763
8.68293153470357 0.648839149547098 0.349279038606683
8.74204528551749 0.670107253728284 0.369684053676655
8.80179141098769 0.692791250607505 0.389011257073383
8.86219291859208 0.716857273606229 0.407157324296299
8.92326957315184 0.742262777545421 0.424016159279078
8.98503805514526 0.768955800703216 0.439479742177195
9.04751208892098 0.796874295378112 0.453439071670238
9.11070253872879 0.825945536145012 0.465785200435113
9.17461747251965 0.856085617024214 0.476410362395793
9.23926219519435 0.887199050940993 0.485209189497645
9.30463925450099 0.919178486974265 0.492080014072577
9.37074842416197 0.951904562794003 0.496926250347346
9.43758667008672 0.985245911156053 0.499657845315986
9.50514810669073 1.01905934011661 0.500192785103796
9.57342395135541 1.05319020648102 0.498458638212001
9.64240248585172 1.08747300064282 0.494394111848021
9.71206903401571 1.12173215815488 0.487950592211171
9.78240596499205 1.15578310892525 0.479093634511845
9.853392730843 1.18943356877727 0.46780436413573
9.92500594616497 1.22248507034312 0.454080747260606
9.99721951551736 1.25473472115044 0.437938687932344
10.0700048119667 1.28597716680049 0.419412909581601
10.143330906978 1.3160067270033 0.398557582538106
10.217164848426 1.34461966275881 0.37544666537402
10.2914719799052 1.37161652503949 0.350173936696588
10.3662162911009 1.39680452977402 0.322852704821382
10.4413607860721 1.41999990141278 0.2936151948175
10.5168678541955 1.44103012824367 0.262611624745528
10.592699627465 1.45973607692938 0.23000899444029
10.6688183079763 1.47597392107225 0.195989619909681
10.7451864507529 1.48961684825341 0.160749453509334
10.821767189496 1.50055652095628 0.124496233999186
10.8985243961479 1.50870427797029 0.087447511253031
10.975422769062 1.51399207320858 0.0498285880151371
11.0524278487752 1.51637315745596 0.0118704162474144
11.129505964557 1.51582251475271 -0.0261925209075708
11.2066241188175 1.51233706860001 -0.064124317778928
11.2837498198716 1.5059356739624 -0.101689728725493
11.3608508763343 1.49665890946415 -0.138656213912687
11.4378951684705 1.48456868079389 -0.174795941944245
11.5148504130838 1.46974764188353 -0.209887745172801
11.5916839389793 1.45229843573618 -0.243719023386606
11.6683624896586 1.43234275268122 -0.276087589210596
11.7448520687071 1.4100202011009 -0.30680344430288
11.8211178413175 1.38548698493496 -0.335690469832809
11.8971241026036 1.35891438395387 -0.362588008538733
11.9728343198749 1.33048703706521 -0.38735230975078
12.0482112520044 1.30040103564094 -0.409857804038088
12.1232171446346 1.26886184257229 -0.42999817145683
12.1978139955154 1.23608206271656 -0.4476871674263
12.2719638800694 1.20227910061079 -0.462859173466451
12.345629323699 1.16767275067661 -0.475469446460611
12.4187737046974 1.132482772531 -0.485494049438322
12.4913616701767 1.09692650852041 -0.49292945840733
12.5633595473081 1.06121660158711 -0.497791852505591
12.6347357334054 1.02555886883662 -0.500116107532414
12.7054610508213 0.990150379917807 -0.499954524584461
12.7755090560127 0.955177780164799 -0.497375335053112
12.8448562961138 0.920815887289767 -0.492461029904598
12.9134825105434 0.88722657832453 -0.485306564595013
12.9813707792016 0.854557971553969 -0.476017491177183
13.0485076223641 0.82294389730295 -0.464708066476644
13.1148830602354 0.792503642337136 -0.451499380237355
13.1804906421494 0.763341945745068 -0.436517540590107
13.2453274565747 0.735549219633388 -0.419891946835841
13.3093941334193 0.709201965695781 -0.401753672063817
13.3726948497218 0.684363358434098 -0.382233971126267
13.4352373487448 0.661083967127678 -0.36146292340863
13.4970329808334 0.639402591122047 -0.339568214963834
13.5580967721864 0.619347186194032 -0.31667406109041
13.6184475249 0.600935863223176 -0.292900268398409
13.6781079482005 0.584177943768523 -0.268361434823359
13.7371048165684 0.569075060051377 -0.243166286858597
13.7954691453782 0.555622288927697 -0.217417155357887
13.8532363687226 0.543809310349629 -0.191209594389916
13.9104464974859 0.533621580227513 -0.16463215141145
13.9671442290808 0.525041505235549 -0.13776630081744
14.0233789746934 0.51804960284701 -0.110686555747392
14.0792047670724 0.512625623959586 -0.0834607735863988
14.1346800138576 0.508749608610228 -0.0561506674737648
14.1898670699492 0.506402838831244 -0.0288125281825508
14.2448316181469 0.505568648528066 -0.00149814770158667
14.2996418689505 0.506233050325445 0.0257440810788613
14.3543676144359 0.508385145008181 0.0528679322201122
14.4090791922947 0.512017290567731 0.0798280410794548
14.4638464292772 0.517125023445441 0.106578592966734
14.518737635172 0.523706741544402 0.133072074149253
14.5738187090474 0.531763173785515 0.159258144914498
14.629152401728 0.541296671880598 0.185082679819659
14.6847977570476 0.552310365398909 0.210487002909699
14.7408097338992 0.564807221358759 0.235407329012762
14.7972389947731 0.578789045752208 0.25977440868776
14.8541318357758 0.594255458292602 0.283513365147669
14.9115302279635 0.611202864838349 0.306543706501485
14.9694719391334 0.629623445562987 0.328779495201007
15 0.639834881803389 0.340056126110897


0.97000436 -0.24308753 -0.97000436 0.24308753 0 0
0.980421171531678 -0.233047876915348 -0.958944243943494 0.252965968027868 -0.0214769275881847 -0.0199180911125201
0.989839150618952 -0.223276319167769 -0.947697451785284 0.26227718500503 -0.0421416988336678 -0.0390008658372606
0.998484334334235 -0.213646145198469 -0.936127500794558 0.27116313098067 -0.0623568335396769 -0.0575169857822004
1.0064860473534 -0.204089767967922 -0.924150359721253 0.279691919280932 -0.0823356876321471 -0.0756021513130102
1.01392168880095 -0.194573925659604 -0.911715576716419 0.287889300328878 -0.10220611208453 -0.0933153746692738
1.02084013198769 -0.18508560928044 -0.898795372530351 0.295756017959355 -0.122044759457335 -0.110670408678915
1.02727448847742 -0.17562370447519 -0.885378019160665 0.303277945062825 -0.14189646931676 -0.127654240587635
1.03324925141115 -0.16619386029387 -0.871463631550972 0.310432294791248 -0.161785619860179 -0.144238434497378
1.038784337669 -0.156805259855508 -0.857061350176752 0.317191596894078 -0.181722987492246 -0.16038633703857
1.04389736607835 -0.147468548413748 -0.842187327716197 0.323526347829158 -0.201710038362155 -0.17605779941541
1.04860490958745 -0.138194485662632 -0.826863175667156 0.329406836589465 -0.221741733920296 -0.191212350926833
1.0529231403537 -0.128993065300503 -0.811114672623989 0.334804426331311 -0.241808467729712 -0.205811361030808
1.05686811139417 -0.119872947793865 -0.794970628179521 0.339692448843752 -0.261897483214651 -0.219819501049888
1.06045582021946 -0.110841112864665 -0.778461855356473 0.344046802055759 -0.28199396486299 -0.233205689191094
1.06370214407804 -0.101902673282169 -0.76162024032657 0.347846306894699 -0.302081903751466 -0.24594363361253
1.06662270415785 -0.0930608110499442 -0.744477916979552 0.351072864906337 -0.322144787178301 -0.258012053856392
1.06923269672509 -0.0843168073864795 -0.727066560171406 0.353711453099571 -0.342166136553686 -0.269394645713092
1.07154671680061 -0.0756701431783763 -0.709416809228857 0.35574999159174 -0.362129907571756 -0.280079848413363
1.07357859138288 -0.0671186495323294 -0.69155782620629 0.357179119196681 -0.382020765176592 -0.290060469664352
1.07534123280648 -0.0586586902718633 -0.673516984640799 0.357991910288328 -0.40182424816568 -0.299333220016464
1.07684651784253 -0.0502853605225131 -0.6553196765041 0.358183562569873 -0.421526841338425 -0.30789820204736
1.07810519430106 -0.0419926881641032 -0.636989219167679 0.357751080109963 -0.441115975133377 -0.315758391945859
1.07912681405753 -0.0337738278383696 -0.618546841078112 0.356692969915245 -0.460579972979422 -0.322919142076875
1.07991968950253 -0.0256212401788943 -0.600011724404875 0.355008964212692 -0.479907965097654 -0.329387724033798
1.08049086929148 -0.0175268517528639 -0.581401084663583 0.352699775195804 -0.499089784627899 -0.33517292344294
1.08084612880942 -0.0094821936935437 -0.562730270527471 0.349766884687204 -0.518115858281944 -0.34028469099366
1.08098997080928 -0.00147851905465144 -0.544012870997928 0.346212368175681 -0.536977099811356 -0.344733849121029
1.08092563208279 0.00649309950100459 -0.525260821188753 0.342038750976854 -0.555664810894035 -0.348531850477859
1.08065509264797 0.0144416889370752 -0.506484501720296 0.337248893673199 -0.574170590927673 -0.351690582610275
1.08017908468412 0.0223763085322649 -0.48769282981599 0.331845904256295 -0.592486254868134 -0.35422221278856
1.0794970992342 0.0303059921525343 -0.468893342493298 0.325833075236013 -0.610603756740906 -0.356139067388547
1.07860738947637 0.038239696099059 -0.450092273715885 0.319213845121279 -0.628515115760483 -0.357453541220338
1.07750697010928 0.0461862485793906 -0.4312946280873 0.311991784873452 -0.646212342021981 -0.358178033452843
1.07619161308604 0.0541542970424699 -0.41250425374187 0.304170610993156 -0.663687359344174 -0.358324908035626
1.07465584056639 0.0621522499067465 -0.393723916678976 0.295754227683371 -0.680931923887412 -0.357906477590117
1.07289291653952 0.0701882095671424 -0.374955378051565 0.286746800941282 -0.69793753848795 -0.356935010508424
1.07089483910588 0.078269893978936 -0.356199475005168 0.27715286741208 -0.714695364100707 -0.355422761391016
1.06865233589715 0.0864045445876762 -0.337456204692427 0.266977480358947 -0.731196131204724 -0.353382024946624
1.06615486555474 0.0945988189194568 -0.318724810155528 0.256226394151364 -0.747430055399209 -0.350825213070821
1.06339062856228 0.102858666789143 -0.300003865945847 0.24490628724774 -0.763386762616433 -0.347764954036883
1.06034659100916 0.111189189851125 -0.281291360691315 0.233025021763115 -0.779055230317842 -0.34421421161424
1.05700852500897 0.119594485126396 -0.262584773377277 0.2205919354104 -0.79442375163169 -0.340186420536795
1.05336106946226 0.128077474191869 -0.243881139930994 0.20761815897178 -0.809479929531265 -0.335695633163649
1.04938781458782 0.136639720884578 -0.225177106860096 0.194116949649878 -0.824210707727723 -0.330756670534456
1.04507141311694 0.145281241588543 -0.20646896926818 0.180104027903935 -0.838602443848761 -0.325385269492477
1.04039372024311 0.154000313328792 -0.187752691631243 0.165597903019378 -0.852641028611864 -0.31959821634817
1.03533596338179 0.16279328585443 -0.169023911316232 0.150620171079047 -0.866312052065562 -0.313413456933476
1.02987894161156 0.171654404496359 -0.150277926949077 0.135195768600767 -0.879601014662481 -0.306850173097125
1.02400325347909 0.180575650701088 -0.131509676292366 0.119353166202286 -0.892493577186726 -0.299928816903374
1.01768955083133 0.189546606698057 -0.112713711051742 0.103124489391728 -0.904975839779586 -0.292671096089785
1.01091881565425 0.198554349785494 -0.0938841786511112 0.0865455578203719 -0.917034637003137 -0.285099907605865
1.00367265665967 0.207583380376808 -0.0750148230602362 0.0696558396025857 -0.928657833599431 -0.277239219979393
0.995933622563573 0.216615586512166 -0.0560990177506184 0.052498322827419 -0.939834604812953 -0.269113909339585
0.987685529486838 0.225630246354584 -0.0371298433752161 0.0351193111990973 -0.950555686111621 -0.260749557553681
0.978913800370153 0.23460406958869 -0.0181002205352261 0.0175681539163427 -0.960813579834926 -0.252172223505032
0.969605814306604 0.243511278838612 0.000996896052195897 -0.000103079231946444 -0.970602710358799 -0.243408199606665
0.959751262810897 0.252323733224134 0.0201682613532482 -0.0178399682008837 -0.979919524164145 -0.23448376502325
0.949342507916769 0.261011097721318 0.0394200280351377 -0.035586152807592 -0.988762535951906 -0.225424944913726
0.938374933508875 0.269541063564716 0.0587573923932756 -0.0532837817988496 -0.997132325902149 -0.216257281765866
0.926847276682419 0.277879625817885 0.0781842190636535 -0.0708740045611009 -1.00503149574607 -0.207005621256784
0.914761920819111 0.285991423696857 0.0977026714003173 -0.0882975118870051 -1.01246459221943 -0.197693911809852
0.902125127491654 0.293840146650317 0.117312878255139 -0.105495131822643 -1.01943800574679 -0.188345014827673
0.888947181534344 0.301389004319485 0.137012668706408 -0.1224084823773 -1.02595985024075 -0.178980521942185
0.875242423924014 0.308601251576817 0.15679740337141 -0.138980674891833 -1.03203982729542 -0.169620576684984
0.861029151451742 0.315440751730077 0.176659924068728 -0.155157051222815 -1.03768907552047 -0.160283700507262
0.846329370794139 0.321872553059713 0.196590633165977 -0.170885926586073 -1.04292000396011 -0.150986626473641
0.831168406837143 0.327863447795428 0.216577701094019 -0.18611930041878 -1.04774610793116 -0.141744147376648
0.81557437932084 0.333382479979897 0.236607387021949 -0.20081349240643 -1.05218176634279 -0.132568987573467
0.799577575718063 0.338401370404745 0.256664445711461 -0.214929661593372 -1.05624202142952 -0.123471708811373
0.783209759224114 0.342894833034958 0.276732585121786 -0.228434173705479 -1.0599423443459 -0.11446065932948
0.766503456789499 0.346840767173761 0.296794935803121 -0.241298794459062 -1.06329839259262 -0.1055419727147
0.749491272253971 0.350220321385566 0.316834494897776 -0.253500702496191 -1.06632576715175 -0.096719618889375
0.73220526406799 0.353017836863532 0.336834514003651 -0.265022331842129 -1.06903977807164 -0.087995505021403
0.714676417159721 0.355220687639694 0.356778809749152 -0.275851067720828 -1.07145522690887 -0.0793696199188659
0.696934226247381 0.356819041512931 0.376651986782804 -0.285978829238475 -1.07358621303018 -0.0708402122744561
0.67900639546591 0.35780556832561 0.396439573165444 -0.295401576989195 -1.07544596863135 -0.062403991336415
0.660918648379143 0.358175121518034 0.416128076478356 -0.304118783262953 -1.0770467248575 -0.0540563382550812
0.642694634446093 0.357924415535085 0.435704974559433 -0.312132898256317 -1.07839960900552 -0.0457915172787679
0.624355913252091 0.357051716709063 0.45515865749917 -0.319448838921689 -1.07951457075126 -0.0376028777873744
0.605921996146529 0.355556559744497 0.47447833769493 -0.326073519292284 -1.08040033384146 -0.0294830404522126
0.587410425786844 0.353439496741097 0.493653942986382 -0.332015433507408 -1.08106436877322 -0.0214240632336881
0.568836876718765 0.350701881389022 0.512676004890394 -0.337284296187368 -1.08151288160916 -0.0134175852016532
0.550215263752871 0.347345687851734 0.531535550396868 -0.341890739736548 -1.08175081414974 -0.0054549481151863
0.531557848851044 0.343373361972013 0.550224002237655 -0.345846064723206 -1.0817818510887 0.00247270275119276
0.512875340991889 0.338787701679152 0.568733089406512 -0.349162037590429 -1.0816084303984 0.0103743359112775
0.494176986689073 0.333591763617466 0.587054767244465 -0.351850729339565 -1.08123175393354 0.0182589657220987
0.475470651295622 0.327788793788123 0.605181144732457 -0.353924389169628 -1.08065179602808 0.0261355953815051
0.456762892876523 0.321382181124919 0.62310441576385 -0.355395348016218 -1.07986730864037 0.0340131668912988
0.438059031307976 0.314375434163712 0.64081679103471 -0.356275948202129 -1.07887582234269 0.0419005140384169
0.419363215469636 0.306772182112663 0.658310427668799 -0.356578496731581 -1.07767364313843 0.0498063146189178
0.400678491080691 0.298576202534796 0.675577354637971 -0.356315240934766 -1.07625584571866 0.0577390383999701
0.382006871050275 0.289791478413239 0.692609393291995 -0.355498366065423 -1.07461626434227 0.0657068876521844
0.363349409319067 0.280422287521289 0.709398073729166 -0.354140014992419 -1.07274748304823 0.0737177274711301
0.344706278193724 0.270473326733115 0.725934549194162 -0.352252330272649 -1.07064082738788 0.0817790035395341
0.326076848223136 0.259949873174938 0.74220951207804 -0.34984751864506 -1.06828636030118 0.0898976454701219
0.307459768813234 0.248857982932449 0.758213116331016 -0.346937937365278 -1.06567288514425 0.0980799544328292
0.288853047081994 0.237204726411159 0.773934912105175 -0.343536200844611 -1.06278795918717 0.106331474433453
0.270254121964492 0.224998457424216 0.789363799144602 -0.339655304819658 -1.05961792110909 0.114656847395443
0.251659930335025 0.212249110721327 0.804488005748413 -0.335308763833787 -1.05614793608344 0.12305965311246
0.233066961972852 0.198968520088445 0.819295099950358 -0.330510756263054 -1.05236206192321 0.131542236174609
0.214471300623864 0.185170746525734 0.833772038785084 -0.325276269608593 -1.04824333940895 0.140105523082859
0.19586864926965 0.170872403614547 0.847905260059223 -0.319621237488996 -1.04377390932887 0.148748833874449
0.177254339062474 0.156092965345972 0.86168081887469 -0.313562658918684 -1.03893515793716 0.157469693572712
0.158623323234439 0.140855040771047 0.87508456830575 -0.307118690282705 -1.03370789154019 0.166263649511658
0.139970159585564 0.125184600180954 0.88810238027401 -0.300308701116857 -1.02807253985957 0.175124100935903
0.121288987743202 0.109111139346842 0.900720399098223 -0.293153286493096 -1.02200938684142 0.184042147146254
0.102573509995138 0.0926677716373571 0.912925316845752 -0.285674231471908 -1.01549882684089 0.193006459834551
0.083816986758591 0.0758912422920033 0.924704656979231 -0.277894426512557 -1.00852164373782 0.202003184220554
0.065012259222475 0.0588218641622003 0.93604705135472 -0.269837736539611 -1.00105931057719 0.211015872377411
0.0461518119609098 0.0415033790092812 0.946942495733324 -0.261528830018516 -0.993094307694233 0.220025451009235
0.0272278870183985 0.0239827520631924 0.957382570727629 -0.252992977314484 -0.984610457746027 0.229010225251292
0.00823265792792411 0.00630990922728208 0.967360618333375 -0.244255829292638 -0.975593276261298 0.237945920065356
-0.0108415326293434 -0.0114625743514784 0.97687186842618 -0.235343187256651 -0.966030335796836 0.24680576160813
-0.0300018740220342 -0.0292798285384387 0.985913514160918 -0.22628077389584 -0.955911640138883 0.255560602434279
-0.0492547374083145 -0.0470850839641124 0.994484739358553 -0.217094012204624 -0.945230001950238 0.264179096168737
-0.0686052911888066 -0.0648201128158412 1.00258670404975 -0.207807815906924 -0.933981412860947 0.272627928722765
-0.0880571062965268 -0.0824257219982737 1.01022249593382 -0.198446391477711 -0.92216538963729 0.280872113475985
-0.107611780907262 -0.0998423072217598 1.01739705547639 -0.189033049144703 -0.909785274569132 0.288875356366463
-0.127268617117889 -0.117010474122706 1.02411708090565 -0.179590018889054 -0.896848463787758 0.29660049301176
-0.147024381695034 -0.133871725949491 1.03039091695185 -0.170138267796709 -0.883366535256813 0.304009993746201
-0.16687317852081 -0.150369207180096 1.03622842847411 -0.160697317134172 -0.869355249953294 0.311066524314268
-0.186806451771131 -0.16644848021534 1.04164085784188 -0.151285060832173 -0.854834406070753 0.317733541047514
-0.206813126813367 -0.182058300390672 1.04664066369085 -0.141917590915517 -0.839827536877485 0.323975891306189
-0.226879881767435 -0.197151345702487 1.05124133879979 -0.132609038880714 -0.824361457032351 0.329760384583202
-0.246991528736356 -0.211684854256183 1.05545720633658 -0.123371444187581 -0.808465677600224 0.335056298443764
-0.267131472198515 -0.225621125889105 1.05930319624078 -0.114214661259008 -0.792171724042264 0.339835787148113
-0.287282204947839 -0.238927854585482 1.0627946064312 -0.10514631448866 -0.77551240148336 0.344074169074143
-0.30742580039997 -0.251578273535389 1.0659468561447 -0.096171807058465 -0.758521055744726 0.347750080593854
-0.327544364042338 -0.263551112248 1.06877524042512 -0.0872943845935713 -0.741230876382776 0.350845496841571
-0.347620415191657 -0.274830381908729 1.0712946952429 -0.0785152497533576 -0.723674280051242 0.353345631662086
-0.367637181191702 -0.285405018505778 1.07351958190319 -0.0698337196397588 -0.705882400711487 0.355238738145536
-0.387578797667238 -0.295268421490841 1.07546349753717 -0.0612474150106363 -0.687884699869934 0.356515836501477
-0.407430418637755 -0.304417928446122 1.07713911598224 -0.0527524689780672 -0.669708697344485 0.357170397424189
-0.427178247964488 -0.31285426404061 1.07855806069709 -0.0443437430769609 -0.651379812732605 0.357198007117571
-0.446809508227358 -0.320580995801879 1.07973080891976 -0.0360150399966174 -0.632921300692401 0.356596035798497
-0.466312364791956 -0.327604021491333 1.08066662432497 -0.0277593044506289 -0.61435425953301 0.355363325941962
-0.485675822045439 -0.333931104627774 1.08137351409724 -0.0195688061907569 -0.595697692051804 0.35349991081853
-0.504889606283509 -0.339571467097931 1.08185820561348 -0.011435301693487 -0.576968599329973 0.351006768791418
-0.523944046280036 -0.344535441544873 1.08212613774761 -0.00335017331680675 -0.558182091467576 0.34788561486168
-0.542829958837707 -0.348834181661151 1.0821814620532 0.00469545339943769 -0.539351503215494 0.344138728261713
-0.561538543120467 -0.352479425644322 1.0820270496201 0.0127106121831062 -0.520488506499632 0.339768813461216
-0.580061284654875 -0.355483306698111 1.08166450012328 0.0207044151192911 -0.501603215468408 0.33477889157882
-0.598389867748675 -0.357858204267039 1.08109415039233 0.0286859846459734 -0.482704282643653 0.329172219621066
-0.616516093771706 -0.359616630319886 1.08031508066061 0.0366643944107454 -0.463798986888901 0.32295223590914
-0.634431802238782 -0.360771146104892 1.07932511745996 0.0446486148752946 -0.444893315221178 0.316122531229597
-0.652128791822011 -0.36133430608996 1.07812083288445 0.0526474596656372 -0.425992041062441 0.308686846424323
-0.669598739158323 -0.361318627038606 1.07669754064596 0.0606695289048718 -0.407098801487635 0.300649098133734
-0.686833114449686 -0.360736581186861 1.07504928998408 0.0687231460936754 -0.388216175534397 0.292013435093185
-0.703823094225454 -0.359600613167818 1.07316885907739 0.0768162854995925 -0.369345764851935 0.282784327668226
-0.720559473110627 -0.357923180619752 1.07104775013574 0.0849564874725983 -0.350488277025108 0.272966693147154
-0.737032577902154 -0.355716818289957 1.06867618883363 0.0931507596288129 -0.331643610931477 0.262566058661144
-0.753232188596492 -0.352994224917494 1.06604313116196 0.101405462454855 -0.312810942565461 0.25158876246264
-0.769147472143427 -0.349768371273195 1.06313628110881 0.109726178605964 -0.29398880896538 0.240042192667231
-0.78476693553096 -0.346052626504607 1.05994212279603 0.118117566023269 -0.275175187265072 0.227935060481338
-0.800078405231962 -0.341860898452186 1.05644597075217 0.126583195988775 -0.256367565520205 0.21527770246341
-0.815069039951331 -0.337207781979807 1.05263204184752 0.135125378356928 -0.237563001896185 0.202082403622879
-0.829725382884232 -0.332108707749665 1.04848355201092 0.143744977401272 -0.218758169126687 0.188363730348393
-0.844033458229499 -0.326580082468584 1.0439828401699 0.152441222906171 -0.199949381940399 0.174138859562413
-0.857978914445013 -0.320639410680079 1.03911152092152 0.161211522190566 -0.181132606476501 0.159427888489513
-0.871547213723395 -0.314305387930707 1.0338506663162 0.170051279522112 -0.162303452592801 0.144254108408594
-0.884723863577729 -0.307597955828956 1.028181015941 0.178953729717097 -0.143457152363267 0.12864422611186
-0.897494682582856 -0.300538311280069 1.02208321338702 0.18790979251689 -0.124588530804158 0.112628518763179
-0.90984608868396 -0.293148865008852 1.01553806635833 0.19690795356337 -0.105691977674369 0.0962409114454822
-0.921765395609515 -0.285453148164364 1.00852682727533 0.205934176560618 -0.0867614316658121 0.0795189716037458
-0.933241101340914 -0.277475669918742 1.00103149130518 0.214971849733935 -0.0677903899642635 0.0625038201848078
-0.94426315268257 -0.269241732952842 0.993035109240426 0.224001768306431 -0.0487719565578543 0.0452399646464117
-0.954823171871703 -0.26077721693225 0.984522113306614 0.233002153768008 -0.0296989414349095 0.0277750631642421
-0.964914634669086 -0.25210834196736 0.975478654430905 0.241948710508718 -0.0105640197618168 0.0101596314586428
-0.974532993970967 -0.243261424282925 0.965892949286278 0.250814721060757 0.00864004468469112 -0.0075532967778319
-0.983675747948348 -0.234262634865562 0.955755634107405 0.259571182630203 0.0279201138409452 -0.0253085477646406
-0.992342456254327 -0.225137769013217 0.945060119577729 0.268186989418117 0.0472823366766006 -0.0430492204049006
-1.0005347112435 -0.215912031058778 0.933802937017642 0.276629166810663 0.0667317742258552 -0.0607171357518846
-1.00825607296034 -0.206609834827484 0.921984061042897 0.284863164104495 0.0862720119174462 -0.0782533292770107
-1.01551197674091 -0.197254617378379 0.909607188601833 0.292853211296388 0.105904788139074 -0.0955985939180093
-1.02230962083679 -0.187868661903421 0.896679949983256 0.300562742094298 0.12562967085353 -0.112694080190876
-1.0286578390031 -0.17847292567601 0.88321402533979 0.307954879605145 0.145443813663315 -0.129481953929135
-1.03456696016502 -0.169086870659892 0.869225141721158 0.314992973587517 0.165341818443867 -0.145906102927624
-1.04004865480732 -0.159728297433219 0.854732931332152 0.321641169785363 0.18531572347517 -0.161912872352144
-1.04511576622536 -0.150413186745994 0.83976064170381 0.327864984209406 0.205355124521554 -0.177451797463412
-1.04978212459392 -0.141155556419155 0.824334701689312 0.333631849997761 0.225447422904606 -0.192476293578606
-1.05406234297833 -0.131967343535582 0.808484161738349 0.338911603094892 0.245578181239983 -0.20694425955931
-1.05797159661632 -0.122858322336148 0.792240040274986 0.343676876177254 0.265731556341336 -0.220818553841106
-1.06152538946827 -0.113836066701974 0.775634617748764 0.34790337780116 0.285890771719511 -0.234067311099186
-1.06473931450364 -0.104905962834357 0.758700724266777 0.351570044466393 0.306038590236867 -0.246664081632036
-1.06762881587815 -0.0960712733855981 0.741471065002847 0.354659065318925 0.326157750875304 -0.258587791933326
-1.07020896170688 -0.0873332496968339 0.723977620434873 0.357155790512014 0.346231341272011 -0.26982254081518
-1.07249423548865 -0.0786912847834301 0.706251147512971 0.359048543082386 0.36624308797568 -0.280357258298956
-1.07449835258807 -0.0701430968744678 0.688320795257969 0.360328359536125 0.386177557330105 -0.290185262661657
-1.07623410590516 -0.0616849319413796 0.670213836144454 0.360988685945828 0.406020269760704 -0.299303754004448
-1.07771324238069 -0.0533117737083899 0.65195550457268 0.361025054709687 0.425757737808012 -0.307713281001297
-1.07894636967368 -0.0450175508569792 0.633568926720102 0.360434763141078 0.445377442953575 -0.315417212284099
-1.07994289046567 -0.036795333131052 0.615075122324109 0.359216569832917 0.464867768141562 -0.322421236701865
-1.08071096052877 -0.0286375104178106 0.596493058166481 0.357370419281972 0.484217902362286 -0.328732908864161
-1.0812574659572 -0.0205359512808308 0.577839734551356 0.354897200338411 0.503417731405843 -0.33436124905758
-1.08158801474526 -0.0124821396122946 0.559130289104687 0.351798540148129 0.522457725640573 -0.339316400535834
-1.08170693809099 -0.00446728990739715 0.540378106014996 0.348076632586044 0.541328832075996 -0.343609342678647
-1.08161729729774 0.0035175569123439 0.521594922747946 0.343734098722921 0.560022374549799 -0.347251655635265
-1.08132089282431 0.0114814541850521 0.502790929834239 0.33877387646113 0.578529962990072 -0.350255330646182
-1.0808182728083 0.0194334831136615 0.483974862256183 0.333199136866804 0.596843410552118 -0.352632619980465
-1.08010873918951 0.0273826953583894 0.465154083100309 0.327013225639017 0.6149546560892 -0.354395920997406
-1.07919035034534 0.0353380605838828 0.446334661481342 0.320219629323149 0.632855688864002 -0.355557689907031
-1.07805991989317 0.0433084150076442 0.427521447345265 0.312821967063437 0.650538472547909 -0.356130382071081
-1.07671301200362 0.0513024072040407 0.408718145751385 0.30482400971491 0.66799486625224 -0.35612641691895
-1.07514393420337 0.0593284377158113 0.38992739276766 0.296229728863564 0.685216541435707 -0.355558166579375
-1.07334572922978 0.0673945893886927 0.371150834345774 0.287043378646973 0.702194894884006 -0.354437968035666
-1.07131016803801 0.0755085457660863 0.352389208614519 0.277269613171589 0.718920959423494 -0.352778158937675
-1.06902774655382 0.0836774953657131 0.333642431059193 0.266913641758123 0.735385315494633 -0.350591137123836
-1.0664876892059 0.0919080202271098 0.314909681132014 0.255981423198768 0.751578008073889 -0.347889443425877
-1.06367796264017 0.100205967793271 0.296189488031799 0.244479898678488 0.767488474608372 -0.344685866471759
-1.06058530328427 0.108576305997644 0.277479812754838 0.232417261014136 0.783105490529435 -0.34099356701178
-1.05719526254908 0.11702296238577 0.258778123104564 0.219803255447741 0.79841713944452 -0.336826217833511
-1.05349227337535 0.125548649205255 0.240081458214328 0.206649504493209 0.81341081516103 -0.332198153698464
-1.04945974150872 0.134154677612911 0.221386479356956 0.192969846451186 0.828073262151771 -0.327124524064097
-1.04508016428259 0.142840765397682 0.20268950446733 0.178780674436483 0.842390659815262 -0.321621439834165
-1.04033527880514 0.151604843784445 0.183986524965265 0.164101260455993 0.856348753839878 -0.315706104240438
-1.03520624033055 0.160442869816011 0.165273205178807 0.148954047642555 0.869933035151749 -0.309396917458566
-1.02967383034806 0.169348651348731 0.146544866909784 0.133364893599356 0.883128963438277 -0.302713544948086
-1.02371869270028 0.17831369170849 0.127796464329351 0.117363249250443 0.895922228370935 -0.295676940958933
-1.01732159502665 0.187327060479066 0.109022557191773 0.100982260727262 0.908299037834875 -0.288309321206328
-1.0104637121863 0.196375295786514 0.0902172929363035 0.0842587864461314 0.920246419250003 -0.280634082232645
-1.00312692814587 0.205442341987073 0.071374410148407 0.0672333270978303 0.931752517997465 -0.272675669084902
-0.995294153091932 0.214509525164125 0.0524872765932217 0.0499498719295523 0.942806876498714 -0.264459397093677
-0.986949653061226 0.223555567653665 0.0335489742106107 0.0324556694502907 0.953400678850618 -0.256011237103955
-0.978079389831427 0.232556642276135 0.0145524408317755 0.0148009336058588 0.963526948999654 -0.247357575881994
-0.968671368742979 0.24148646724508 -0.00450932606617634 -0.00296150305564408 0.973180694809159 -0.238524964189435
-0.958715991086128 0.250316443810346 -0.0236430042588518 -0.0207765797534041 0.982358995344983 -0.229539864056941
-0.948206405375443 0.25901584026238 -0.0428546280934711 -0.0385874359369003 0.991061033468917 -0.220428404325479
-0.937138848194489 0.267552027407796 -0.0621492314402704 -0.0563358773262053 0.999288079634762 -0.211216150081591
-0.925512960637593 0.275890771296818 -0.0815304744541685 -0.0739628833748074 1.00704343509176 -0.20192788792201
-0.913332061421984 0.28399658810507 -0.10100028187307 -0.0914091622824981 1.01433234329506 -0.192587425822572
-0.900603353569465 0.291833163098301 -0.120558523763704 -0.108615758672431 1.02116187733317 -0.183217404425869
-0.887338039441192 0.299363830378451 -0.140202769606287 -0.125524714161134 1.02754080904748 -0.173839116217317
-0.873551320063603 0.306552103003061 -0.159928142820713 -0.142079772609715 1.03347946288432 -0.164472330393345
-0.859262259909366 0.313362235054946 -0.179727295191734 -0.158227111139404 1.0389895551011 -0.155135123915541
-0.844493507652073 0.319759789761773 -0.199590509714382 -0.173916067131489 1.04408401736646 -0.145843722630284
-0.829270876007305 0.325712182467668 -0.219505927435299 -0.189099822915364 1.04877680344261 -0.136612359552304
-0.813622797806102 0.33118916557122 -0.239459880776649 -0.203736005970947 1.05308267858275 -0.127453159600272
-0.797579688541814 0.336163225262422 -0.259437304704179 -0.217787164669651 1.057016993246 -0.118376060592771
-0.781173255391445 0.340609866894443 -0.279422189805635 -0.231221087975113 1.06059544519708 -0.109388778919329
-0.764435797344953 0.344507776048136 -0.299398039034492 -0.244010950838671 1.06383383637945 -0.100496825209464
-0.747399539855977 0.347838854032704 -0.319348292700045 -0.256135282894517 1.06674783255603 -0.0917035711381867
-0.730096040847826 0.35058813772746 -0.339256693396305 -0.267577773682981 1.06935273424413 -0.0830103640444777
-0.71255569447215 0.352743622583342 -0.359107572375697 -0.278326940481909 1.07166326684785 -0.0744166821014319
-0.694807346777126 0.354296013178395 -0.378886049515688 -0.288375693216495 1.07369339629282 -0.0659203199618992
-0.676878025463826 0.355238427648583 -0.398578148781357 -0.297720834244062 1.07545617424519 -0.0575175934045208
-0.658792775837632 0.355566080985411 -0.418170838719609 -0.306362529478026 1.07696361455724 -0.0492035515073837
-0.640574587881166 0.355275968466242 -0.437652012412775 -0.31430378243437 1.07822660029394 -0.0409721860318715
-0.62224439538775 0.354366565413432 -0.457010423430285 -0.321549935778147 1.07925481881804 -0.032816629635284
-0.603821127047663 0.352837554063171 -0.476235594034746 -0.328108217207934 1.08005672108241 -0.024729336855236
-0.585321790669725 0.350689583352541 -0.495317709850251 -0.333987339168152 1.08063950051998 -0.0167022441843878
-0.566761574594891 0.347924063414943 -0.514247512082364 -0.339197155679109 1.08100908667726 -0.00872690773583284
-0.548153954072227 0.344542993750213 -0.533016194834028 -0.343748374909107 1.08117014890626 -0.000794618841105522
-0.529510794284955 0.340548822424156 -0.551615311610075 -0.347652323061933 1.08112610589503 0.00710350063777795
-0.510842445354681 0.335944333114099 -0.570036692117094 -0.350920753578201 1.08087913747178 0.0149764204641024
-0.492157827698555 0.330732557121101 -0.588272368171479 -0.353565695281178 1.08043019587004 0.0228331381600779
-0.473464508399692 0.324916708346098 -0.606314506025956 -0.355599333610204 1.07977901442565 0.0306826252641063
-0.454768770731848 0.318500140409606 -0.624155341711128 -0.357033920147267 1.07892411244298 0.0385337797376618
-0.436075679704854 0.311486326345284 -0.641787115986499 -0.357881706957005 1.07786279569136 0.046395380611721
-0.417389146580767 0.303878862424816 -0.659202006079162 -0.358154903582536 1.07659115265993 0.054276041157721
-0.398711994900162 0.29568149853363 -0.676392052407818 -0.357865655686005 1.07510404730798 0.0621841571523762
-0.380046029811791 0.286898198020422 -0.693349079791196 -0.357026045170901 1.07339510960299 0.0701278471504802
-0.361392111566396 0.277533230033901 -0.710064614080674 -0.35564811210395 1.07145672564707 0.0781148820700492
-0.342750233043736 0.267591297011866 -0.726529796615035 -0.353743898840585 1.06928002965877 0.0861526018287194
-0.324119600230385 0.257077699192746 -0.742735300270948 -0.351325516453362 1.06685490050134 0.0942478172606166
-0.305498713726861 0.245998536781631 -0.758671252093877 -0.348405232891433 1.06416996582074 0.102406696109803
-0.286885448688789 0.234360948736207 -0.774327168467595 -0.34499558130106 1.06121261715639 0.110634632564854
-0.268277130140704 0.22217338507618 -0.789691909441163 -0.341109485667021 1.05796903958187 0.118936100590842
-0.249670600386349 0.209445907229329 -0.804753659095286 -0.336760399468335 1.05442425948164 0.127314492239007
-0.231062275328584 0.196190508327008 -0.819499938598188 -0.331962451484051 1.05056221392678 0.135771943157044
-0.212448186968471 0.182421442740974 -0.833917657773852 -0.326730591379588 1.04636584474233 0.144309148638615
-0.193824010243649 0.168155551779368 -0.847993209498077 -0.321080726436528 1.04181721974173 0.15292517465716
-0.175185073743496 0.153412570668154 -0.861712609014517 -0.315029839978114 1.03689768275802 0.161617269309961
-0.156526355714039 0.138215401101054 -0.875061677374292 -0.308596081918092 1.03158803308833 0.170380680817039
-0.137842469077406 0.122590334073664 -0.888026264821152 -0.301798822618646 1.02586873389856 0.179208488544982
-0.119127641775397 0.106567209624204 -0.900592506380047 -0.294658662993347 1.01972014815545 0.188091453369144
-0.100375701326956 0.0901795034587498 -0.912747098593522 -0.28719739649907 1.01312279992048 0.197017893040321
-0.0815800746850652 0.0734643349256589 -0.92447758378749 -0.279437922110329 1.00605765847256 0.205973587184671
-0.0627338158511016 0.0564623958072792 -0.935772626907615 -0.271404111160433 0.998506442758719 0.214941715353154
-0.0438296738257999 0.0392178040816834 -0.946622270180985 -0.263120634530726 0.990451944006788 0.223902830449044
-0.0248602120101978 0.0217778902787029 -0.957018152714385 -0.254612759497275 0.981878364724586 0.232834869218573
-0.00581798694960269 0.00419292557527079 -0.966953685433838 -0.245906127114253 0.972771672383444 0.241713201538983
0.0133042106107331 -0.0134842000207969 -0.976424176013003 -0.237026521042258 0.963119965402274 0.250510721063055
0.03251305573138 -0.0311983440017577 -0.985426902950432 -0.22799963722334 0.952913847219056 0.259197981225099
0.0518143409660443 -0.0488925211878478 -0.993961142003431 -0.218850861076419 0.94214680103739 0.267743382264268
0.0712125977916176 -0.0665083606302562 -1.00202815113453 -0.209605055507982 0.930815553342919 0.276113416138238
0.0907107126044244 -0.0839866165052217 -1.00963112157028 -0.200286359724415 0.918920408965856 0.284272976229637
0.110309567206991 -0.101267740565362 -1.01677510241488 -0.190917996321547 0.906465535207896 0.29218573688691
0.130007736145579 -0.118292520647588 -1.02346690473089 -0.181522082997366 0.893459168585316 0.299814603644956
0.14980127215411 -0.135002782661238 -1.02971498859711 -0.172119445790855 0.879913716443001 0.307122228452094
0.169683605780094 -0.151342143071833 -1.03552933405465 -0.162729432930237 0.86584572827456 0.31407157600207
0.189645576058646 -0.167256786833315 -1.04092129475561 -0.153369731724144 0.851275718696971 0.320626518557459
0.209675596670934 -0.182696234445782 -1.04590343210573 -0.14405619467358 0.8362278354348 0.326752429119363
0.229759947966769 -0.197614054011804 -1.0504893280404 -0.134802684185751 0.82072938007363 0.332416738197556
0.249883171706874 -0.211968472066272 -1.05469337623678 -0.125620947066416 0.804810204529915 0.337589419132689
0.270028534667402 -0.225722841677836 -1.05853055414438 -0.116520529792895 0.78850201947698 0.342243371470731
0.290178521187459 -0.238845937467318 -1.06201618107754 -0.10750874332782 0.771837659890087 0.346354680795139
0.310315314250581 -0.251312062899097 -1.06516567006563 -0.098590682319372 0.754850355815048 0.34990274521847
0.330421229549302 -0.263100972644358 -1.06799428263821 -0.0897692987145642 0.737573053088916 0.352870271358923
0.350479075928741 -0.27419762895438 -1.07051689594296 -0.0810455250046599 0.720037820014227 0.355243153959041
0.370472426735722 -0.284591823334781 -1.07274779056838 -0.0724184383488769 0.702275363832658 0.357010261683659
0.39038579787884 -0.294277701956496 -1.07470046545087 -0.0638854542311176 0.684314667572034 0.358163156187614
0.410204738127822 -0.303253234953276 -1.07638748370889 -0.0554425372916441 0.666182745581075 0.358695772244921
0.429915844258156 -0.311519666818303 -1.07782035061314 -0.0470844174204671 0.647904506354986 0.358604084238771
0.44950671767392 -0.319080978913297 -1.07900942254045 -0.0388048007651302 0.629502704866537 0.357885779678428
0.46896588029429 -0.325943387214568 -1.07996384390934 -0.0305965675638804 0.610997963615058 0.35653995477845
0.488282666329445 -0.332114890257764 -1.0806915078597 -0.0224519512509937 0.59240884153026 0.354566841508759
0.507447103838999 -0.337604874868139 -1.08119903580852 -0.0143626957604608 0.573751931969521 0.351967570628601
0.526449796407074 -0.342423781320803 -1.08149177090308 -0.00632019015173734 0.55504197449601 0.348743971472542
0.545281811526153 -0.34658282532957 -1.08157378068398 0.00168441852410073 0.53629196915783 0.34489840680547
0.563934578843879 -0.350093771683827 -1.08144786483717 0.00966013184486992 0.517513285993294 0.340433639838958
0.58239979861337 -0.352968753217735 -1.08111556464608 0.0176160229168408 0.498715766032714 0.335352730300895
0.600669358666786 -0.355220128780741 -1.08057717156219 0.0255611717778442 0.479907812895412 0.329658957002898
0.618735257048021 -0.356860374628293 -1.07983173313213 0.0335046092601538 0.461096476084112 0.32335576536814
0.636589527044286 -0.357902004830754 -1.07887705530965 0.0414552652322979 0.442287528265367 0.316446739598457
0.654224161636253 -0.35835751761928 -1.07770970092002 0.049421917271325 0.423485539283774 0.308935600347956
0.671631035195231 -0.358239365824815 -1.07632498472309 0.0574131360684382 0.404693949527864 0.300826229756378
0.688801821434768 -0.357559950560485 -1.07471696614102 0.0654372242047473 0.385915144706254 0.292122726355739
0.705727908019912 -0.356331637948236 -1.07287844128178 0.0735021453286028 0.367150533261873 0.282829492619634
0.722400309714076 -0.354566798946554 -1.07080093640446 0.0816154412151054 0.348400626690389 0.27295135773145
0.738809583385806 -0.35227787218385 -1.06847470543734 0.0897841346991667 0.329665122051538 0.262493737484684
0.754945749508875 -0.349477449154825 -1.06588873456598 0.0980146170639201 0.310942985057104 0.251462832090906
0.770798225882694 -0.346178380228144 -1.06303075723631 0.106312519159801 0.292232531353621 0.239865861068344
0.786355780089959 -0.342393898694987 -1.05988728313591 0.114682566347793 0.27353150304596 0.227711332347195
0.801606507600688 -0.338137758634646 -1.05644364478316 0.123128418313251 0.254837137182476 0.215009340321396
0.816537842320832 -0.333424380791343 -1.05268406522412 0.131652495872241 0.236146222903288 0.201771884919103
0.831136605659777 -0.328268999092572 -1.04859174996992 0.1402557980465 0.217455144310152 0.188013201046073
0.845389098759637 -0.322687799084281 -1.04414900568286 0.148937713833504 0.198759906923229 0.173750085250778
0.859281240342294 -0.316698038641407 -1.03933738725021 0.157695834125851 0.180056146907926 0.159002204515557
0.872798749726568 -0.310318141077441 -1.03413787383214 0.166525769996096 0.161339124105579 0.143792371081346
0.885927371110659 -0.303567751440791 -1.02853107334451 0.175420983917861 0.142603702233855 0.128146767522931
0.898653131512509 -0.296467748481585 -1.02249745379507 0.184372640339089 0.123844322282567 0.112095108142497
0.910962621255523 -0.289040207488661 -1.01601759910069 0.193369481336254 0.105054977845175 0.0956707261524084
0.922843283101681 -0.281308312732639 -1.0090724866154 0.20239773194978 0.0862292035137266 0.0789105807828599
0.934283694575571 -0.273296222210432 -1.00164378365186 0.211441038444337 0.0673600890762926 0.0618551837660957
0.945273828064499 -0.265028891220324 -0.993714160710058 0.220480441463971 0.0484403326455643 0.0445484497563544
0.955805275050593 -0.256531864399132 -0.985267619708974 0.229494385206249 0.0294623446583862 0.0270374791928848
0.965871424151933 -0.247831047691056 -0.976289835881135 0.238458763609111 0.0104184117292074 0.00937228408194577
0.975467587041744 -0.238952471959954 -0.96676851168744 0.247347005259527 -0.00869907535429849 -0.00839453329957161
0.984591071083205 -0.229922058564577 -0.956693739711078 0.256130200190056 -0.0278973313721217 -0.0262081416254777
0.993241201894033 -0.220765394471257 -0.946058368713038 0.264777273555623 -0.0471828331809893 -0.0440118790843649
1.00141930235792 -0.211507520937248 -0.934858362869295 0.273255212767107 -0.0665609394886179 -0.0617476918298576
1.00912863637174 -0.202172736186042 -0.923093139027195 0.281529355246916 -0.0860354973445418 -0.079356619060873
1.01637432571121 -0.192784409566809 -0.910765861397242 0.289563742823176 -0.105608464313964 -0.0967793332563655
1.02316324699656 -0.183364803074261 -0.897883668584691 0.297321545360615 -0.125279578411866 -0.113956742286352
1.02950391331476 -0.173934896176391 -0.884457805615374 0.304765550414731 -0.145046107699382 -0.130830654238339
1.03403305531077 -0.166768393025163 -0.873891475360331 0.310192534867774 -0.160141579950431 -0.14342414184261


